Press button to start trasmitting
Temperature: degC*5 Pressure:kPa Humidity: relative %

33,0,
116,102,48,
116,102,48,
116,102,48,
115,102,48,
116,102,48,
115,102,48,
115,102,48,
115,102,48,
116,102,48,
115,102,48,
115,102,48,
115,102,48,
115,102,48,
115,102,48,
115,102,48,
115,102,48,
115,102,48,
115,102,48,
115,102,48,
115,102,46,
115,102,48,
115,102,48,
115,102,48,
115,102,48,
115,102,54,
115,102,48,
115,102,47,
115,102,48,
115,102,48,
115,102,48,
115,102,48,
115,102,48,
117,102,49,
117,102,46,
118,102,51,
119,102,52,
119,102,52,
120,102,51,
120,102,52,
121,102,52,
122,102,51,
122,102,50,
122,102,49,
122,102,49,
122,102,49,
121,102,49,
121,102,49,
121,102,49,
121,102,49,
120,102,54,
120,102,81,
120,102,92,
120,102,96,
120,102,95,
120,102,75,
120,102,68,
120,102,58,
119,102,52,
119,102,49,
119,102,48,
119,102,47,
117,102,48,
117,102,47,
117,102,47,
117,102,47,
117,102,48,
117,102,45,
117,102,47,
117,102,47,
117,102,47,
117,102,47,
117,102,47,
116,102,47,
116,102,47,
116,102,46,
116,102,47,
116,102,47,
116,102,48,
116,102,48,
116,102,48,
116,102,48,
116,102,48,
116,102,48,
115,102,48,
115,102,48,
115,102,48,
115,102,48,
115,102,48,
115,102,46,
115,102,48,
115,102,43,
115,102,48,
115,102,48,
115,102,48,
115,102,48,
115,102,48,
114,102,48,
114,102,48,
114,102,48,
114,102,48,
114,102,47,
114,102,47,
114,102,48,
114,102,48,
114,102,48,
114,102,47,
114,102,48,
114,102,49,
114,102,48,
114,102,49,
114,102,48,
114,102,48,
113,102,49,
113,102,48,
113,102,49,
113,102,49,
113,102,48,
113,102,49,
113,102,48,
113,102,53,
113,102,49,
113,102,49,
113,102,49,
113,102,49,
113,102,48,
113,102,49,
113,102,49,
113,102,49,
113,102,49,
113,102,48,
113,102,48,
104,102,57,
104,102,56,
104,102,55,
105,102,56,
105,102,56,
106,102,57,
106,102,56,
106,102,57,
106,102,58,
106,102,56,
106,102,56,
106,102,55,
106,102,55,
106,102,54,
106,102,54,
106,102,54,
106,102,54,
106,102,53,
107,102,53,
106,102,54,
107,102,53,
107,102,53,
107,102,53,
107,102,53,
107,102,53,
107,102,52,
107,102,52,
107,102,52,
107,102,52,
107,102,53,
107,102,52,
107,102,52,
107,102,52,
107,102,52,
107,102,52,
107,102,52,
107,102,53,
107,102,52,
107,102,51,
107,102,52,
107,102,58,
108,102,52,
108,102,52,
108,102,47,
108,102,52,
108,102,51,
108,102,51,
108,102,51,
108,102,51,
109,102,51,
109,102,55,
109,102,51,
109,102,52,
109,102,50,
108,102,50,
108,102,50,
108,102,51,
108,102,51,
108,102,51,
109,102,54,
110,102,54,
111,102,53,
111,102,52,
110,102,49,
110,102,51,
108,102,49,
107,102,48,
107,102,50,
107,102,50,
107,102,49,
106,102,49,
106,102,50,
106,102,51,
106,102,50,
105,102,51,
105,102,51,
105,102,52,
105,102,52,
105,102,52,
105,102,52,
104,102,52,
104,102,52,
104,102,53,
104,102,53,
103,102,53,
103,102,53,
103,102,53,
103,102,54,
103,102,54,
103,102,54,
102,102,54,
102,102,54,
102,102,54,
102,102,54,
102,102,54,
102,102,54,
102,102,54,
101,102,55,
101,102,55,
101,102,55,
101,102,54,
101,102,55,
101,102,55,
101,102,55,
101,102,56,
101,102,56,
101,102,55,
100,102,55,
100,102,56,
100,102,56,
100,102,55,
100,102,56,
100,102,56,
100,102,56,
100,102,56,
100,102,56,
100,102,56,
100,102,57,
100,102,56,
100,102,56,
100,102,56,
100,102,56,
100,102,56,
100,102,57,
99,102,56,
99,102,56,
99,102,56,
99,102,56,
99,102,57,
99,102,56,
99,102,56,
99,102,56,
99,102,56,
99,102,56,
99,102,56,
99,102,56,
99,102,56,
99,102,56,
99,102,56,
99,102,56,
99,102,56,
99,102,56,
99,102,57,
99,102,56,
99,102,56,
99,102,57,
99,102,56,
99,102,56,
99,102,57,
99,102,57,
99,102,56,
99,102,56,
99,102,56,
99,102,57,
99,102,56,
98,102,56,
98,102,56,
98,102,56,
98,102,56,
98,102,57,
98,102,56,
98,102,56,
98,102,56,
98,102,56,
98,102,57,
98,102,56,
98,102,57,
98,102,57,
98,102,56,
98,102,57,
98,102,57,
98,102,56,
98,102,57,
98,102,57,
98,102,58,
98,102,57,
98,102,56,
98,102,56,
98,102,56,
98,102,51,
98,102,57,
98,102,57,
98,102,57,
98,102,57,
98,102,57,
98,102,57,
98,102,57,
98,102,57,
98,102,57,
98,102,57,
98,102,57,
98,102,57,
98,102,57,
98,102,57,
98,102,59,
98,102,50,
98,102,57,
98,102,57,
98,102,57,
98,102,56,
98,102,56,
98,102,57,
98,102,56,
98,102,56,
98,102,57,
98,102,56,
98,102,57,
98,102,63,
98,102,57,
98,102,57,
98,102,57,
98,102,57,
98,102,57,
98,102,57,
98,102,57,
98,102,56,
98,102,57,
98,102,57,
98,102,57,
98,102,57,
98,102,57,
98,102,57,
98,102,57,
98,102,57,
98,102,57,
98,102,57,
98,102,57,
98,102,54,
97,102,57,
97,102,57,
97,102,57,
97,102,57,
97,102,57,
97,102,57,
97,102,57,
97,102,58,
97,102,57,
97,102,57,
97,102,57,
97,102,57,
97,102,57,
97,102,57,
97,102,57,
97,102,57,
97,102,57,
97,102,57,
97,102,57,
97,102,57,
97,102,57,
97,102,57,
97,102,57,
97,102,57,
97,102,57,
97,102,57,
97,102,57,
97,102,57,
97,102,57,
97,102,57,
97,102,57,
97,102,57,
97,102,56,
97,102,57,
97,102,57,
97,102,57,
97,102,57,
97,102,57,
97,102,56,
97,102,57,
97,102,56,
97,102,57,
97,102,57,
97,102,57,
97,102,57,
97,102,56,
97,102,57,
97,102,56,
97,102,57,
97,102,57,
97,102,57,
97,102,57,
97,102,57,
97,102,57,
97,102,57,
97,102,57,
97,102,57,
97,102,57,
97,102,57,
97,102,57,
97,102,57,
97,102,57,
97,102,57,
97,102,57,
97,102,57,
97,102,57,
97,102,56,
97,102,57,
97,102,58,
97,102,57,
97,102,57,
97,102,57,
97,102,57,
97,102,57,
97,102,57,
97,102,57,
97,102,57,
97,102,57,
97,102,57,
97,102,57,
97,102,57,
97,102,57,
97,102,57,
97,102,57,
97,102,57,
97,102,57,
97,102,57,
97,102,57,
97,102,57,
97,102,57,
97,102,57,
97,102,57,
97,102,57,
97,102,57,
97,102,57,
97,102,57,
97,102,57,
97,102,57,
96,102,57,
97,102,57,
96,102,57,
96,102,57,
96,102,57,
96,102,57,
97,102,57,
96,102,58,
96,102,57,
96,102,57,
96,102,57,
96,102,57,
97,102,57,
96,102,57,
97,102,57,
96,102,56,
97,102,56,
97,102,57,
96,102,56,
96,102,57,
96,102,56,
97,102,56,
97,102,56,
97,102,56,
97,102,57,
97,102,57,
96,102,57,
96,102,57,
96,102,57,
96,102,57,
96,102,57,
96,102,56,
96,102,57,
96,102,57,
96,102,57,
96,102,56,
96,102,56,
96,102,57,
96,102,56,
96,102,56,
96,102,56,
96,102,57,
96,102,56,
96,102,56,
96,102,56,
96,102,57,
96,102,56,
96,102,57,
96,102,56,
96,102,57,
96,102,57,
96,102,57,
96,102,57,
96,102,57,
96,102,56,
96,102,57,
96,102,56,
96,102,56,
96,102,56,
96,102,56,
96,102,56,
96,102,57,
96,102,56,
96,102,57,
96,102,57,
96,102,56,
96,102,56,
96,102,57,
96,102,56,
96,102,57,
96,102,57,
96,102,57,
96,102,56,
96,102,57,
96,102,56,
96,102,57,
96,102,56,
96,102,56,
96,102,56,
96,102,57,
96,102,56,
96,102,56,
96,102,57,
96,102,56,
96,102,57,
96,102,56,
96,102,56,
96,102,56,
96,102,57,
96,102,56,
96,102,56,
96,102,56,
96,102,56,
96,102,56,
96,102,56,
96,102,56,
96,102,56,
96,102,56,
96,102,57,
96,102,56,
96,102,56,
96,102,56,
96,102,56,
96,102,56,
96,102,56,
96,102,56,
96,102,57,
96,102,56,
96,102,56,
96,102,56,
96,102,56,
96,102,56,
96,102,56,
96,102,56,
96,102,56,
96,102,56,
96,102,56,
96,102,56,
96,102,56,
96,102,56,
96,102,56,
96,102,56,
96,102,57,
96,102,56,
96,102,56,
96,102,56,
96,102,56,
96,102,56,
96,102,56,
96,102,56,
96,102,51,
96,102,56,
96,102,56,
96,102,56,
96,102,56,
96,102,56,
96,102,57,
96,102,56,
96,102,56,
96,102,56,
96,102,56,
96,102,56,
96,102,57,
96,102,56,
96,102,56,
96,102,56,
96,102,58,
96,102,56,
96,102,56,
96,102,59,
96,102,56,
96,102,56,
96,102,56,
96,102,56,
96,102,56,
96,102,56,
96,102,56,
96,102,58,
96,102,56,
96,102,56,
96,102,57,
96,102,57,
96,102,56,
96,102,56,
96,102,56,
96,102,56,
96,102,56,
96,102,54,
96,102,56,
96,102,57,
96,102,56,
96,102,56,
96,102,57,
96,102,56,
96,102,56,
96,102,56,
96,102,56,
96,102,56,
96,102,56,
96,102,56,
96,102,57,
96,102,56,
96,102,56,
96,102,60,
96,102,56,
96,102,56,
96,102,56,
96,102,56,
96,102,56,
96,102,56,
96,102,56,
96,102,56,
96,102,56,
96,102,56,
96,102,56,
96,102,56,
96,102,56,
96,102,56,
96,102,56,
96,102,57,
96,102,56,
96,102,56,
96,102,57,
96,102,56,
96,102,56,
96,102,56,
96,102,56,
96,102,56,
96,102,56,
96,102,56,
96,102,56,
96,102,56,
96,102,56,
96,102,56,
96,102,57,
96,102,56,
96,102,56,
96,102,56,
96,102,56,
96,102,56,
96,102,55,
97,102,55,
97,102,56,
97,102,56,
97,102,55,
97,102,55,
97,102,60,
97,102,63,
96,102,64,
96,102,67,
96,102,67,
95,102,68,
95,102,69,
94,102,70,
94,102,73,
93,102,73,
93,102,71,
93,102,70,
93,102,69,
93,102,70,
93,102,70,
92,102,69,
92,102,68,
92,102,65,
92,102,64,
92,102,64,
92,102,68,
92,102,68,
92,102,70,
91,102,72,
91,102,73,
91,102,73,
90,102,80,
90,102,74,
90,102,74,
90,102,73,
89,102,75,
89,102,75,
89,102,76,
89,102,76,
89,102,75,
89,102,75,
89,102,76,
89,102,76,
89,102,76,
89,102,76,
89,102,76,
89,102,77,
89,102,77,
89,102,77,
89,102,77,
89,102,78,
88,102,79,
88,102,80,
88,102,79,
88,102,81,
88,102,80,
88,102,79,
88,102,79,
88,102,80,
88,102,79,
88,102,79,
88,102,79,
88,102,78,
88,102,78,
88,102,78,
87,102,78,
88,102,77,
87,102,77,
87,102,77,
87,102,79,
87,102,79,
87,102,80,
87,102,79,
87,102,79,
87,102,80,
87,102,80,
87,102,81,
87,102,81,
87,102,82,
87,102,83,
87,102,82,
86,102,82,
86,102,82,
86,102,83,
86,102,82,
86,102,83,
86,102,83,
86,102,82,
86,102,82,
86,102,82,
86,102,82,
86,102,83,
86,102,83,
86,102,83,
86,102,83,
86,102,84,
86,102,83,
86,102,83,
86,102,83,
86,102,82,
85,102,82,
86,102,81,
85,102,81,
85,102,82,
86,102,82,
86,102,83,
86,102,83,
86,102,84,
86,102,84,
86,102,84,
85,102,84,
86,102,84,
85,102,87,
85,102,83,
85,102,84,
85,102,84,
85,102,83,
85,102,84,
85,102,84,
85,102,84,
85,102,95,
85,102,84,
85,102,83,
85,102,84,
85,102,82,
85,102,83,
85,102,83,
85,102,82,
85,102,83,
85,102,82,
85,102,83,
85,102,82,
85,102,82,
85,102,81,
85,102,81,
85,102,82,
85,102,82,
85,102,81,
85,102,81,
86,102,82,
86,102,81,
86,102,81,
86,102,82,
86,102,82,
86,102,75,
86,102,82,
86,102,82,
86,102,82,
86,102,82,
86,102,82,
86,102,82,
86,102,82,
86,102,82,
86,102,83,
86,102,83,
86,102,82,
86,102,82,
86,102,82,
86,102,83,
86,102,82,
86,102,82,
86,102,82,
86,102,82,
86,102,82,
86,102,82,
86,102,83,
86,102,83,
86,102,83,
86,102,82,
86,102,83,
86,102,74,
86,102,83,
86,102,83,
86,102,83,
86,102,83,
86,102,83,
86,102,83,
86,102,83,
86,102,83,
86,102,84,
86,102,84,
86,102,84,
86,102,84,
86,102,84,
86,102,84,
86,102,83,
86,102,81,
86,102,82,
86,102,81,
86,102,79,
86,102,86,
86,102,81,
86,102,80,
86,102,80,
86,102,81,
86,102,81,
86,102,82,
86,102,82,
86,102,83,
86,102,82,
86,102,83,
86,102,83,
86,102,84,
86,102,83,
86,102,84,
86,102,84,
86,102,84,
86,102,84,
86,102,85,
86,102,85,
85,102,85,
85,102,86,
86,102,86,
85,102,86,
85,102,85,
85,102,85,
85,102,85,
85,102,85,
85,102,86,
85,102,85,
85,102,85,
85,102,85,
85,102,89,
85,102,85,
85,102,85,
85,102,86,
85,102,80,
85,102,86,
85,102,87,
85,102,88,
85,102,86,
85,102,87,
85,102,87,
85,102,87,
85,102,87,
85,102,89,
85,102,88,
85,102,88,
85,102,87,
85,102,87,
85,102,87,
85,102,87,
85,102,79,
85,102,88,
85,102,87,
85,102,87,
85,102,87,
85,102,88,
85,102,87,
85,102,87,
84,102,87,
84,102,87,
84,102,88,
84,102,88,
84,102,88,
84,102,88,
84,102,89,
84,102,88,
84,102,87,
84,102,87,
84,102,87,
84,102,87,
84,102,87,
84,102,87,
84,102,88,
84,102,88,
84,102,87,
84,102,88,
84,102,89,
84,102,89,
84,102,89,
84,102,89,
84,102,89,
84,102,88,
84,102,89,
84,102,89,
84,102,87,
84,102,86,
84,102,85,
84,102,86,
84,102,85,
84,102,82,
85,102,81,
85,102,81,
85,102,79,
85,102,79,
85,102,80,
85,102,79,
85,102,79,
85,102,79,
85,102,79,
85,102,79,
86,102,79,
86,102,79,
86,102,79,
86,102,80,
86,102,80,
86,102,79,
86,102,79,
86,102,80,
86,102,80,
86,102,79,
86,102,79,
86,102,79,
86,102,79,
86,102,79,
86,102,79,
86,102,79,
86,102,79,
86,102,78,
86,102,77,
87,102,79,
87,102,79,
87,102,79,
87,102,77,
87,102,77,
87,102,77,
87,102,77,
87,102,77,
87,102,76,
87,102,79,
87,102,78,
87,102,78,
87,102,78,
87,102,78,
87,102,78,
87,102,78,
87,102,79,
87,102,78,
87,102,78,
87,102,78,
87,102,78,
87,102,78,
87,102,78,
87,102,78,
87,102,77,
87,102,78,
87,102,84,
87,102,78,
87,102,77,
87,102,78,
87,102,78,
87,102,78,
87,102,77,
87,102,77,
87,102,77,
88,102,77,
88,102,77,
87,102,78,
88,102,77,
87,102,77,
88,102,77,
88,102,78,
88,102,77,
88,102,77,
88,102,76,
88,102,77,
88,102,77,
88,102,77,
88,102,77,
88,102,77,
88,102,77,
88,102,77,
88,102,76,
88,102,76,
88,102,76,
88,102,76,
88,102,76,
88,102,76,
88,102,77,
88,102,76,
88,102,76,
88,102,76,
88,102,78,
88,102,76,
88,102,77,
88,102,77,
88,102,76,
88,102,76,
88,102,76,
88,102,77,
88,102,76,
88,102,77,
88,102,76,
88,102,76,
88,102,76,
88,102,77,
88,102,77,
88,102,77,
88,102,77,
88,102,77,
88,102,77,
88,102,77,
88,102,78,
88,102,77,
88,102,77,
88,102,77,
88,102,77,
88,102,78,
88,102,78,
88,102,80,
88,102,78,
88,102,77,
88,102,67,
88,102,77,
88,102,76,
88,102,77,
88,102,77,
88,102,77,
88,102,77,
88,102,77,
88,102,77,
88,102,77,
88,102,77,
88,102,77,
88,102,77,
88,102,77,
88,102,77,
88,102,77,
88,102,78,
88,102,77,
88,102,78,
88,102,77,
88,102,78,
88,102,77,
88,102,77,
88,102,77,
88,102,77,
88,102,77,
88,102,77,
88,102,78,
88,102,78,
88,102,78,
88,102,78,
88,102,77,
88,102,77,
88,102,78,
88,102,77,
88,102,77,
88,102,77,
88,102,77,
88,102,76,
88,102,76,
88,102,76,
88,102,76,
88,102,75,
88,102,77,
88,102,77,
88,102,77,
88,102,77,
88,102,78,
88,102,77,
88,102,77,
88,102,78,
88,102,77,
88,102,78,
88,102,78,
88,102,78,
88,102,78,
88,102,78,
88,102,78,
88,102,77,
88,102,77,
88,102,78,
88,102,78,
88,102,86,
88,102,77,
88,102,78,
88,102,77,
88,102,78,
88,102,77,
88,102,77,
88,102,79,
88,102,78,
88,102,78,
88,102,77,
88,102,78,
88,102,78,
88,102,78,
88,102,78,
88,102,79,
88,102,78,
88,102,78,
88,102,77,
88,102,77,
88,102,77,
88,102,77,
88,102,77,
88,102,77,
88,102,77,
88,102,77,
88,102,77,
88,102,77,
88,102,77,
88,102,77,
88,102,78,
88,102,78,
88,102,78,
88,102,78,
88,102,78,
88,102,78,
88,102,77,
88,102,75,
88,102,77,
88,102,77,
88,102,77,
88,102,77,
88,102,77,
88,102,77,
88,102,77,
88,102,77,
88,102,77,
88,102,77,
88,102,78,
88,102,78,
88,102,84,
88,102,78,
88,102,77,
88,102,72,
88,102,78,
88,102,78,
88,102,78,
88,102,77,
88,102,78,
88,102,77,
88,102,78,
88,102,78,
88,102,77,
88,102,78,
88,102,77,
88,102,77,
88,102,77,
88,102,77,
88,102,88,
88,102,77,
88,102,77,
88,102,77,
88,102,77,
88,102,77,
88,102,77,
88,102,77,
88,102,77,
88,102,77,
88,102,77,
88,102,77,
88,102,77,
88,102,78,
88,102,77,
88,102,78,
88,102,78,
88,102,78,
88,102,78,
88,102,78,
88,102,78,
88,102,78,
88,102,78,
88,102,77,
88,102,77,
88,102,78,
88,102,78,
88,102,78,
88,102,78,
88,102,78,
88,102,78,
88,102,78,
88,102,78,
88,102,78,
88,102,78,
88,102,77,
88,102,78,
88,102,78,
88,102,79,
88,102,78,
88,102,78,
88,102,78,
88,102,78,
88,102,78,
88,102,78,
88,102,78,
88,102,78,
88,102,78,
88,102,78,
88,102,78,
88,102,77,
88,102,78,
88,102,78,
88,102,78,
88,102,78,
88,102,78,
88,102,79,
88,102,77,
88,102,78,
88,102,78,
88,102,78,
88,102,78,
88,102,78,
88,102,78,
88,102,78,
88,102,78,
88,102,78,
88,102,78,
88,102,77,
88,102,78,
88,102,77,
88,102,78,
88,102,79,
88,102,78,
88,102,78,
88,102,78,
88,102,79,
88,102,77,
88,102,78,
88,102,78,
88,102,78,
88,102,78,
88,102,78,
88,102,79,
88,102,78,
88,102,78,
88,102,78,
88,102,78,
88,102,79,
88,102,78,
88,102,78,
88,102,78,
87,102,78,
88,102,78,
87,102,78,
88,102,78,
87,102,78,
87,102,78,
88,102,78,
88,102,79,
88,102,78,
88,102,79,
88,102,79,
88,102,79,
87,102,79,
88,102,79,
88,102,78,
88,102,78,
88,102,78,
88,102,78,
88,102,78,
88,102,78,
88,102,78,
88,102,77,
88,102,78,
88,102,78,
88,102,77,
88,102,78,
88,102,78,
88,102,78,
87,102,78,
88,102,78,
88,102,78,
88,102,78,
88,102,78,
87,102,79,
87,102,78,
88,102,78,
87,102,78,
87,102,78,
87,102,78,
87,102,78,
87,102,79,
87,102,78,
87,102,78,
87,102,73,
87,102,79,
87,102,79,
87,102,79,
87,102,79,
87,102,78,
87,102,86,
87,102,79,
87,102,79,
87,102,79,
87,102,78,
87,102,79,
87,102,79,
87,102,79,
87,102,79,
87,102,79,
87,102,79,
87,102,79,
87,102,79,
87,102,78,
87,102,78,
87,102,78,
87,102,79,
87,102,79,
87,102,79,
87,102,79,
87,102,78,
87,102,79,
87,102,78,
87,102,79,
87,102,78,
87,102,79,
87,102,79,
87,102,78,
87,102,78,
87,102,78,
87,102,78,
87,102,78,
87,102,79,
87,102,79,
87,102,79,
87,102,79,
87,102,78,
87,102,78,
87,102,78,
87,102,78,
87,102,78,
87,102,78,
87,102,79,
87,102,78,
87,102,85,
87,102,79,
87,102,78,
87,102,79,
87,102,79,
87,102,79,
87,102,79,
87,102,79,
87,102,79,
87,102,78,
87,102,79,
87,102,79,
87,102,78,
87,102,79,
87,102,78,
87,102,78,
87,102,78,
87,102,78,
87,102,79,
87,102,78,
87,102,78,
87,102,78,
87,102,78,
87,102,79,
87,102,79,
87,102,79,
87,102,80,
87,102,79,
87,102,79,
87,102,79,
87,102,80,
87,102,79,
87,102,79,
87,102,79,
87,102,79,
87,102,77,
87,102,78,
87,102,78,
87,102,77,
87,102,78,
87,102,79,
87,102,79,
87,102,79,
87,102,78,
87,102,78,
87,102,78,
87,102,78,
87,102,78,
87,102,78,
87,102,78,
87,102,78,
87,102,78,
87,102,78,
87,102,78,
87,102,78,
87,102,79,
87,102,78,
87,102,78,
87,102,78,
87,102,79,
87,102,78,
87,102,78,
87,102,79,
87,102,78,
87,102,78,
87,102,78,
87,102,78,
87,102,78,
87,102,78,
87,102,78,
87,102,78,
87,102,78,
87,102,78,
87,102,73,
87,102,78,
87,102,78,
87,102,79,
87,102,79,
87,102,79,
87,102,79,
87,102,79,
87,102,79,
87,102,78,
87,102,78,
87,102,79,
87,102,78,
87,102,79,
87,102,79,
87,102,79,
87,102,79,
87,102,79,
87,102,79,
87,102,79,
87,102,79,
87,102,79,
87,102,79,
87,102,79,
87,102,79,
87,102,79,
87,102,79,
87,102,79,
87,102,79,
87,102,78,
87,102,79,
87,102,78,
87,102,78,
87,102,78,
87,102,78,
87,102,78,
87,102,79,
87,102,79,
87,102,79,
87,102,79,
87,102,79,
87,102,78,
87,102,78,
87,102,78,
87,102,78,
87,102,78,
87,102,78,
87,102,78,
87,102,78,
87,102,78,
87,102,79,
87,102,78,
87,102,79,
87,102,79,
87,102,79,
87,102,79,
87,102,79,
87,102,79,
87,102,79,
87,102,79,
87,102,79,
87,102,79,
87,102,78,
87,102,79,
87,102,79,
87,102,79,
87,102,78,
87,102,79,
87,102,79,
87,102,79,
87,102,79,
87,102,78,
87,102,79,
87,102,79,
87,102,79,
87,102,79,
87,102,79,
87,102,79,
87,102,83,
87,102,79,
87,102,80,
87,102,79,
87,102,79,
87,102,79,
87,102,79,
87,102,79,
87,102,79,
87,102,79,
87,102,79,
87,102,79,
87,102,79,
87,102,78,
87,102,79,
87,102,79,
87,102,79,
87,102,79,
87,102,78,
87,102,78,
87,102,78,
87,102,79,
87,102,79,
87,102,78,
87,102,78,
87,102,72,
87,102,79,
87,102,79,
87,102,79,
87,102,79,
87,102,78,
87,102,79,
87,102,79,
87,102,79,
87,102,79,
87,102,79,
87,102,79,
87,102,79,
87,102,79,
87,102,80,
86,102,80,
87,102,79,
86,102,80,
87,102,80,
87,102,79,
87,102,79,
87,102,79,
86,102,79,
86,102,79,
87,102,79,
87,102,79,
86,102,79,
86,102,80,
86,102,80,
86,102,80,
86,102,80,
87,102,79,
87,102,79,
87,102,79,
86,102,81,
86,102,80,
86,102,80,
86,102,79,
87,102,79,
87,102,79,
86,102,79,
86,102,81,
86,102,79,
86,102,79,
86,102,79,
86,102,79,
86,102,79,
86,102,79,
86,102,80,
86,102,79,
86,102,79,
86,102,79,
86,102,79,
86,102,79,
86,102,79,
86,102,79,
86,102,79,
86,102,79,
86,102,79,
86,102,79,
86,102,79,
86,102,79,
86,102,79,
86,102,80,
86,102,80,
86,102,79,
86,102,79,
86,102,79,
86,102,79,
86,102,79,
86,102,79,
86,102,79,
86,102,80,
86,102,80,
86,102,79,
86,102,79,
86,102,80,
86,102,80,
86,102,79,
86,102,80,
86,102,80,
86,102,80,
86,102,80,
86,102,79,
86,102,79,
86,102,80,
86,102,79,
86,102,79,
86,102,80,
86,102,80,
86,102,80,
86,102,80,
86,102,80,
86,102,79,
86,102,80,
86,102,81,
86,102,81,
86,102,81,
86,102,81,
86,102,81,
86,102,81,
86,102,81,
86,102,81,
86,102,81,
86,102,78,
86,102,81,
86,102,81,
86,102,80,
86,102,80,
86,102,79,
86,102,80,
86,102,79,
86,102,80,
86,102,80,
86,102,80,
86,102,81,
86,102,80,
86,102,81,
86,102,81,
86,102,81,
86,102,81,
86,102,81,
86,102,79,
86,102,81,
86,102,81,
86,102,80,
86,102,80,
86,102,81,
86,102,81,
86,102,80,
86,102,79,
86,102,80,
86,102,80,
86,102,81,
86,102,81,
86,102,80,
86,102,80,
86,102,80,
86,102,79,
86,102,80,
86,102,79,
86,102,79,
86,102,80,
86,102,80,
86,102,80,
86,102,80,
86,102,80,
86,102,81,
86,102,81,
86,102,80,
86,102,81,
86,102,81,
86,102,81,
86,102,80,
86,102,81,
86,102,81,
86,102,81,
86,102,81,
86,102,81,
86,102,81,
86,102,81,
86,102,80,
86,102,81,
86,102,81,
86,102,80,
86,102,81,
86,102,81,
86,102,81,
86,102,80,
86,102,81,
86,102,81,
86,102,81,
86,102,80,
86,102,80,
86,102,81,
86,102,81,
86,102,82,
86,102,82,
86,102,82,
86,102,81,
86,102,81,
86,102,81,
86,102,81,
86,102,81,
86,102,82,
86,102,82,
86,102,81,
86,102,82,
86,102,81,
86,102,81,
86,102,81,
86,102,82,
86,102,82,
86,102,81,
86,102,81,
86,102,81,
86,102,81,
86,102,81,
86,102,81,
86,102,81,
86,102,81,
86,102,81,
86,102,81,
86,102,81,
86,102,81,
86,102,81,
86,102,81,
86,102,81,
86,102,81,
86,102,81,
86,102,79,
86,102,81,
86,102,81,
86,102,82,
86,102,81,
86,102,81,
86,102,81,
86,102,81,
86,102,81,
86,102,81,
86,102,81,
86,102,80,
86,102,80,
86,102,81,
86,102,81,
86,102,81,
86,102,81,
86,102,81,
86,102,90,
86,102,80,
86,102,83,
86,102,80,
86,102,79,
86,102,81,
86,102,81,
86,102,81,
86,102,82,
86,102,82,
86,102,82,
86,102,82,
86,102,82,
86,102,82,
86,102,82,
86,102,81,
86,102,81,
86,102,81,
86,102,81,
86,102,81,
86,102,82,
86,102,82,
86,102,81,
86,102,82,
86,102,82,
86,102,81,
86,102,81,
86,102,81,
86,102,81,
86,102,81,
86,102,81,
86,102,81,
86,102,81,
86,102,81,
86,102,82,
86,102,81,
86,102,81,
86,102,81,
86,102,81,
86,102,81,
86,102,81,
86,102,81,
86,102,81,
86,102,81,
86,102,81,
86,102,88,
86,102,81,
86,102,81,
86,102,81,
86,102,81,
86,102,82,
86,102,82,
86,102,82,
86,102,81,
86,102,82,
86,102,81,
86,102,81,
86,102,81,
86,102,81,
86,102,81,
86,102,81,
86,102,81,
86,102,82,
86,102,81,
86,102,82,
86,102,82,
86,102,82,
86,102,82,
86,102,82,
86,102,82,
86,102,82,
86,102,82,
86,102,81,
86,102,81,
86,102,81,
86,102,81,
86,102,82,
86,102,82,
86,102,81,
86,102,81,
86,102,73,
86,102,81,
86,102,81,
86,102,81,
86,102,82,
86,102,81,
86,102,81,
86,102,82,
86,102,82,
86,102,82,
86,102,82,
86,102,82,
86,102,94,
86,102,82,
86,102,83,
86,102,83,
86,102,82,
86,102,82,
86,102,83,
86,102,83,
86,102,83,
86,102,82,
86,102,82,
86,102,83,
86,102,83,
86,102,83,
86,102,82,
86,102,82,
86,102,83,
86,102,83,
86,102,83,
86,102,83,
86,102,82,
86,102,82,
86,102,83,
86,102,83,
86,102,83,
86,102,82,
86,102,82,
86,102,83,
86,102,83,
86,102,83,
86,102,82,
86,102,82,
86,102,82,
86,102,83,
86,102,82,
86,102,82,
86,102,82,
86,102,81,
86,102,82,
86,102,82,
86,102,82,
86,102,82,
86,102,83,
86,102,83,
86,102,83,
86,102,83,
86,102,83,
86,102,82,
86,102,82,
86,102,82,
86,102,82,
86,102,82,
86,102,81,
86,102,82,
86,102,81,
86,102,81,
86,102,82,
86,102,82,
86,102,82,
86,102,83,
86,102,83,
86,102,83,
86,102,82,
86,102,83,
86,102,83,
86,102,82,
86,102,81,
86,102,82,
86,102,82,
86,102,82,
86,102,82,
86,102,80,
86,102,83,
86,102,82,
86,102,83,
86,102,82,
86,102,83,
86,102,83,
86,102,83,
86,102,83,
86,102,83,
85,102,83,
86,102,83,
85,102,83,
85,102,83,
85,102,84,
85,102,84,
85,102,84,
85,102,84,
85,102,84,
85,102,84,
85,102,83,
86,102,84,
85,102,83,
86,102,83,
86,102,83,
86,102,83,
85,102,83,
86,102,83,
85,102,83,
86,102,83,
86,102,83,
86,102,83,
86,102,83,
86,102,83,
86,102,83,
86,102,83,
86,102,76,
86,102,82,
86,102,82,
86,102,82,
86,102,75,
86,102,82,
86,102,82,
86,102,82,
86,102,82,
86,102,82,
86,102,82,
86,102,82,
86,102,82,
86,102,82,
86,102,82,
86,102,82,
86,102,82,
86,102,82,
86,102,82,
86,102,82,
86,102,83,
86,102,83,
86,102,83,
86,102,83,
86,102,83,
86,102,83,
86,102,82,
86,102,83,
86,102,82,
86,102,82,
86,102,83,
86,102,83,
86,102,82,
86,102,82,
86,102,82,
86,102,82,
86,102,83,
86,102,83,
86,102,83,
86,102,83,
86,102,83,
86,102,83,
86,102,83,
86,102,83,
86,102,83,
86,102,83,
86,102,83,
86,102,84,
86,102,83,
86,102,82,
86,102,82,
86,102,81,
86,102,83,
86,102,82,
86,102,82,
86,102,82,
86,102,82,
86,102,83,
86,102,83,
86,102,83,
85,102,83,
85,102,83,
85,102,83,
85,102,83,
86,102,83,
86,102,83,
86,102,83,
86,102,83,
86,102,83,
86,102,83,
86,102,83,
86,102,83,
85,102,83,
85,102,82,
86,102,83,
85,102,83,
85,102,83,
85,102,84,
85,102,83,
85,102,83,
85,102,83,
85,102,84,
85,102,84,
85,102,83,
85,102,83,
86,102,83,
86,102,83,
86,102,83,
86,102,83,
86,102,83,
86,102,83,
86,102,81,
85,102,82,
86,102,83,
86,102,83,
86,102,82,
86,102,83,
86,102,83,
85,102,82,
86,102,82,
86,102,82,
85,102,82,
86,102,83,
85,102,82,
86,102,83,
85,102,82,
86,102,82,
86,102,82,
86,102,82,
86,102,83,
86,102,82,
86,102,83,
86,102,83,
86,102,83,
86,102,83,
85,102,83,
85,102,82,
85,102,84,
86,102,83,
85,102,83,
85,102,83,
85,102,83,
85,102,83,
85,102,82,
85,102,82,
85,102,83,
85,102,83,
85,102,83,
85,102,83,
85,102,83,
85,102,83,
85,102,83,
85,102,83,
85,102,83,
85,102,82,
85,102,82,
86,102,93,
85,102,82,
85,102,84,
86,102,83,
86,102,83,
86,102,83,
86,102,83,
86,102,83,
85,102,82,
86,102,82,
86,102,84,
86,102,83,
85,102,83,
86,102,83,
85,102,83,
86,102,84,
86,102,77,
86,102,83,
85,102,83,
85,102,82,
85,102,83,
85,102,82,
85,102,83,
85,102,83,
86,102,83,
85,102,83,
85,102,83,
85,102,83,
85,102,83,
85,102,83,
85,102,83,
85,102,83,
85,102,83,
85,102,83,
85,102,84,
85,102,83,
85,102,83,
85,102,83,
85,102,83,
85,102,83,
85,102,83,
85,102,83,
85,102,83,
85,102,83,
85,102,84,
85,102,84,
85,102,83,
85,102,83,
85,102,84,
85,102,84,
85,102,83,
85,102,83,
85,102,83,
85,102,83,
85,102,83,
85,102,83,
85,102,83,
86,102,83,
85,102,83,
85,102,83,
85,102,83,
85,102,83,
85,102,83,
85,102,83,
85,102,83,
86,102,83,
85,102,83,
85,102,83,
85,102,84,
85,102,83,
85,102,83,
85,102,83,
85,102,83,
85,102,83,
85,102,82,
85,102,82,
85,102,82,
85,102,83,
85,102,83,
85,102,83,
85,102,83,
85,102,83,
85,102,83,
85,102,83,
85,102,83,
85,102,83,
85,102,83,
85,102,83,
85,102,83,
85,102,83,
85,102,87,
85,102,83,
85,102,84,
85,102,83,
85,102,84,
85,102,83,
85,102,83,
85,102,84,
85,102,84,
85,102,84,
85,102,83,
85,102,84,
85,102,84,
85,102,81,
85,102,84,
85,102,84,
85,102,83,
85,102,83,
85,102,83,
85,102,83,
85,102,83,
85,102,83,
85,102,84,
85,102,84,
85,102,84,
85,102,85,
85,102,84,
85,102,85,
85,102,85,
85,102,84,
85,102,84,
85,102,83,
85,102,84,
85,102,88,
85,102,83,
85,102,82,
85,102,82,
85,102,82,
85,102,82,
85,102,82,
85,102,82,
85,102,81,
85,102,81,
86,102,81,
86,102,81,
86,102,81,
86,102,81,
86,102,81,
86,102,80,
86,102,79,
86,102,79,
86,102,78,
86,102,79,
86,102,78,
86,102,77,
86,102,77,
86,102,78,
86,102,78,
86,102,79,
86,102,80,
86,102,79,
86,102,80,
86,102,80,
86,102,80,
86,102,79,
86,102,79,
86,102,79,
86,102,79,
86,102,80,
86,102,84,
86,102,80,
86,102,81,
86,102,80,
86,102,81,
86,102,81,
86,102,81,
86,102,80,
86,102,81,
86,102,80,
86,102,80,
86,102,80,
86,102,81,
86,102,80,
86,102,81,
86,102,81,
86,102,79,
86,102,80,
86,102,81,
86,102,81,
86,102,81,
86,102,81,
86,102,81,
86,102,81,
86,102,81,
86,102,81,
86,102,82,
86,102,81,
86,102,82,
86,102,82,
86,102,82,
86,102,82,
86,102,82,
86,102,82,
86,102,82,
86,102,81,
86,102,81,
86,102,82,
86,102,82,
86,102,81,
86,102,81,
86,102,81,
86,102,81,
86,102,81,
86,102,81,
86,102,81,
86,102,81,
86,102,81,
86,102,81,
86,102,81,
86,102,81,
86,102,81,
86,102,81,
86,102,82,
86,102,81,
86,102,81,
86,102,81,
86,102,81,
86,102,81,
86,102,81,
86,102,80,
86,102,82,
86,102,82,
86,102,81,
86,102,81,
86,102,81,
86,102,82,
86,102,81,
86,102,82,
86,102,81,
86,102,81,
86,102,81,
86,102,81,
86,102,81,
86,102,81,
86,102,81,
86,102,81,
86,102,81,
86,102,81,
86,102,81,
86,102,81,
86,102,81,
86,102,82,
86,102,82,
86,102,81,
86,102,81,
86,102,81,
86,102,81,
86,102,81,
86,102,81,
86,102,81,
86,102,82,
86,102,81,
86,102,82,
86,102,92,
86,102,82,
86,102,82,
86,102,81,
86,102,81,
86,102,81,
86,102,81,
86,102,81,
86,102,81,
86,102,82,
86,102,81,
86,102,81,
86,102,81,
86,102,81,
86,102,82,
86,102,81,
86,102,81,
86,102,81,
86,102,82,
86,102,81,
86,102,81,
86,102,81,
86,102,75,
86,102,81,
86,102,81,
86,102,81,
86,102,82,
86,102,82,
86,102,81,
86,102,81,
86,102,81,
86,102,82,
86,102,81,
86,102,81,
86,102,81,
86,102,82,
86,102,82,
86,102,82,
86,102,82,
86,102,81,
86,102,82,
86,102,81,
86,102,81,
86,102,82,
86,102,81,
85,102,81,
86,102,81,
85,102,81,
85,102,82,
85,102,82,
85,102,82,
85,102,82,
86,102,82,
85,102,82,
86,102,82,
86,102,82,
86,102,82,
86,102,82,
85,102,81,
86,102,82,
85,102,82,
85,102,82,
85,102,82,
85,102,82,
85,102,82,
85,102,82,
85,102,82,
85,102,81,
85,102,81,
85,102,81,
85,102,82,
85,102,81,
85,102,82,
86,102,73,
85,102,82,
85,102,81,
85,102,82,
85,102,82,
85,102,82,
85,102,81,
85,102,81,
85,102,82,
85,102,82,
85,102,83,
85,102,82,
85,102,82,
85,102,82,
85,102,82,
85,102,82,
85,102,82,
85,102,82,
85,102,82,
85,102,82,
85,102,82,
85,102,82,
85,102,82,
85,102,82,
85,102,82,
85,102,84,
85,102,82,
85,102,82,
85,102,81,
85,102,81,
85,102,81,
85,102,82,
85,102,82,
86,102,82,
85,102,82,
85,102,81,
86,102,81,
85,102,81,
86,102,82,
86,102,82,
86,102,82,
86,102,81,
86,102,82,
86,102,82,
86,102,82,
85,102,82,
85,102,82,
85,102,82,
86,102,82,
85,102,81,
85,102,81,
85,102,82,
85,102,85,
85,102,79,
85,102,81,
85,102,82,
85,102,82,
85,102,83,
85,102,82,
85,102,81,
85,102,83,
85,102,83,
85,102,82,
85,102,82,
85,102,83,
85,102,82,
85,102,83,
85,102,82,
85,102,82,
85,102,82,
85,102,83,
85,102,82,
85,102,76,
85,102,83,
85,102,82,
85,102,83,
85,102,83,
85,102,82,
85,102,82,
85,102,82,
85,102,79,
85,102,82,
85,102,82,
85,102,82,
85,102,82,
85,102,82,
85,102,82,
85,102,82,
85,102,82,
85,102,82,
85,102,82,
85,102,82,
85,102,80,
85,102,82,
85,102,82,
85,102,82,
85,102,83,
85,102,83,
85,102,82,
85,102,82,
85,102,82,
85,102,82,
85,102,82,
85,102,81,
85,102,82,
85,102,82,
85,102,81,
85,102,82,
85,102,77,
85,102,82,
85,102,82,
85,102,82,
85,102,82,
85,102,83,
85,102,82,
85,102,82,
85,102,82,
85,102,82,
85,102,82,
85,102,83,
85,102,82,
85,102,82,
85,102,82,
85,102,82,
85,102,83,
85,102,83,
85,102,82,
85,102,83,
85,102,83,
85,102,83,
85,102,83,
85,102,83,
85,102,83,
85,102,83,
85,102,83,
85,102,82,
85,102,83,
85,102,82,
85,102,83,
85,102,83,
85,102,82,
85,102,82,
85,102,82,
85,102,86,
85,102,82,
85,102,82,
85,102,82,
85,102,81,
85,102,82,
85,102,82,
85,102,83,
85,102,83,
85,102,72,
85,102,82,
85,102,83,
85,102,82,
85,102,82,
85,102,83,
85,102,83,
85,102,83,
85,102,82,
85,102,82,
85,102,83,
85,102,83,
85,102,83,
85,102,84,
85,102,83,
85,102,83,
85,102,83,
85,102,83,
85,102,82,
85,102,82,
85,102,83,
85,102,83,
85,102,83,
85,102,82,
85,102,82,
85,102,83,
85,102,83,
85,102,83,
85,102,83,
85,102,83,
85,102,83,
85,102,83,
85,102,83,
85,102,82,
85,102,82,
85,102,83,
85,102,83,
85,102,83,
85,102,83,
85,102,82,
85,102,83,
85,102,83,
85,102,83,
85,102,82,
85,102,83,
85,102,83,
85,102,82,
85,102,82,
85,102,83,
85,102,83,
85,102,82,
85,102,82,
85,102,83,
85,102,82,
85,102,83,
85,102,83,
85,102,82,
85,102,83,
85,102,83,
85,102,88,
85,102,82,
85,102,83,
85,102,92,
85,102,79,
85,102,83,
85,102,83,
85,102,83,
85,102,82,
85,102,82,
85,102,82,
85,102,82,
85,102,82,
85,102,82,
85,102,82,
85,102,82,
85,102,82,
85,102,83,
85,102,83,
85,102,82,
85,102,83,
85,102,82,
85,102,82,
85,102,83,
85,102,82,
85,102,82,
85,102,83,
85,102,83,
85,102,83,
85,102,82,
85,102,82,
85,102,82,
85,102,82,
85,102,82,
85,102,81,
85,102,81,
85,102,74,
86,102,80,
86,102,79,
86,102,79,
86,102,79,
86,102,79,
86,102,79,
86,102,78,
86,102,78,
86,102,78,
86,102,80,
86,102,79,
86,102,80,
86,102,81,
86,102,81,
86,102,81,
86,102,81,
86,102,81,
86,102,81,
86,102,81,
86,102,81,
86,102,81,
86,102,82,
86,102,81,
86,102,81,
86,102,81,
86,102,81,
86,102,81,
86,102,82,
86,102,81,
86,102,81,
86,102,81,
86,102,81,
86,102,82,
86,102,81,
86,102,81,
86,102,82,
86,102,81,
86,102,81,
86,102,82,
86,102,82,
86,102,82,
86,102,82,
86,102,82,
86,102,82,
86,102,82,
86,102,82,
86,102,83,
86,102,83,
85,102,82,
85,102,88,
85,102,83,
85,102,82,
85,102,82,
85,102,83,
85,102,82,
85,102,82,
85,102,82,
85,102,82,
85,102,82,
85,102,83,
85,102,83,
85,102,83,
85,102,82,
85,102,83,
85,102,83,
85,102,83,
85,102,83,
85,102,83,
85,102,82,
85,102,82,
85,102,81,
85,102,81,
85,102,81,
85,102,81,
85,102,81,
86,102,80,
86,102,81,
86,102,80,
86,102,80,
86,102,79,
86,102,78,
86,102,78,
86,102,78,
86,102,78,
86,102,78,
86,102,79,
86,102,79,
86,102,79,
86,102,80,
86,102,80,
86,102,81,
86,102,81,
86,102,81,
86,102,80,
86,102,80,
86,102,80,
86,102,81,
86,102,81,
86,102,80,
86,102,81,
86,102,80,
86,102,80,
86,102,81,
86,102,81,
86,102,81,
86,102,80,
86,102,80,
86,102,80,
86,102,81,
86,102,81,
86,102,80,
86,102,81,
86,102,81,
86,102,81,
86,102,81,
86,102,81,
86,102,81,
86,102,81,
86,102,82,
86,102,82,
86,102,82,
85,102,83,
85,102,82,
85,102,83,
85,102,83,
85,102,83,
85,102,83,
85,102,83,
85,102,83,
85,102,83,
85,102,83,
85,102,83,
85,102,83,
85,102,83,
85,102,83,
85,102,83,
85,102,83,
85,102,83,
85,102,83,
85,102,83,
85,102,83,
85,102,82,
85,102,82,
85,102,82,
85,102,81,
85,102,81,
85,102,91,
85,102,81,
85,102,81,
85,102,81,
85,102,81,
85,102,80,
86,102,80,
86,102,79,
86,102,79,
86,102,79,
86,102,78,
86,102,79,
86,102,79,
86,102,79,
86,102,80,
86,102,80,
86,102,80,
86,102,80,
86,102,81,
86,102,81,
86,102,81,
86,102,76,
86,102,81,
86,102,81,
86,102,81,
86,102,81,
86,102,81,
86,102,81,
86,102,81,
86,102,81,
86,102,81,
86,102,81,
86,102,81,
85,102,81,
85,102,81,
85,102,81,
85,102,81,
85,102,81,
85,102,81,
85,102,81,
85,102,76,
85,102,81,
85,102,81,
85,102,82,
85,102,82,
85,102,82,
85,102,81,
85,102,83,
85,102,83,
85,102,83,
85,102,83,
85,102,80,
85,102,83,
85,102,84,
85,102,83,
85,102,83,
85,102,83,
85,102,83,
85,102,83,
85,102,83,
85,102,83,
85,102,83,
85,102,83,
85,102,82,
85,102,84,
85,102,83,
85,102,83,
85,102,83,
85,102,83,
85,102,83,
85,102,82,
85,102,82,
85,102,81,
85,102,81,
85,102,80,
85,102,80,
85,102,80,
85,102,80,
85,102,80,
85,102,80,
85,102,80,
85,102,79,
85,102,80,
85,102,79,
85,102,79,
86,102,78,
85,102,78,
86,102,79,
86,102,80,
86,102,81,
85,102,81,
86,102,84,
85,102,81,
85,102,81,
85,102,81,
85,102,81,
85,102,81,
85,102,81,
85,102,82,
85,102,82,
85,102,83,
85,102,83,
85,102,83,
85,102,83,
85,102,83,
85,102,82,
85,102,82,
85,102,82,
85,102,82,
85,102,82,
85,102,83,
85,102,83,
85,102,84,
85,102,83,
85,102,84,
85,102,83,
85,102,84,
85,102,84,
85,102,84,
85,102,83,
85,102,84,
85,102,84,
85,102,83,
85,102,84,
85,102,84,
84,102,85,
84,102,85,
84,102,84,
84,102,83,
84,102,83,
84,102,83,
84,102,83,
84,102,79,
85,102,83,
85,102,82,
85,102,82,
85,102,80,
85,102,80,
85,102,80,
85,102,80,
85,102,79,
85,102,79,
85,102,79,
85,102,79,
85,102,78,
85,102,79,
85,102,83,
85,102,78,
85,102,78,
85,102,78,
85,102,80,
85,102,80,
85,102,81,
85,102,82,
85,102,82,
85,102,83,
85,102,82,
85,102,82,
85,102,86,
85,102,81,
85,102,82,
85,102,82,
85,102,83,
85,102,82,
85,102,83,
85,102,83,
85,102,83,
85,102,83,
85,102,83,
85,102,83,
85,102,83,
85,102,83,
85,102,84,
85,102,84,
85,102,84,
85,102,83,
85,102,84,
85,102,83,
85,102,84,
85,102,83,
85,102,83,
85,102,83,
85,102,83,
85,102,83,
85,102,83,
85,102,83,
85,102,81,
85,102,82,
85,102,83,
85,102,82,
85,102,80,
85,102,80,
85,102,80,
85,102,79,
85,102,79,
85,102,79,
85,102,79,
85,102,79,
85,102,79,
85,102,79,
85,102,79,
85,102,78,
85,102,80,
85,102,78,
85,102,78,
85,102,78,
85,102,78,
85,102,78,
85,102,79,
85,102,80,
85,102,81,
85,102,81,
85,102,80,
85,102,81,
85,102,81,
85,102,81,
85,102,81,
85,102,81,
85,102,81,
85,102,82,
85,102,82,
85,102,82,
85,102,82,
85,102,82,
85,102,82,
85,102,82,
85,102,82,
85,102,83,
85,102,82,
85,102,83,
85,102,83,
85,102,83,
85,102,83,
85,102,84,
85,102,83,
85,102,83,
85,102,83,
85,102,83,
85,102,83,
85,102,83,
85,102,83,
85,102,83,
85,102,83,
85,102,83,
85,102,83,
85,102,83,
85,102,83,
85,102,83,
85,102,83,
85,102,83,
85,102,83,
85,102,84,
85,102,83,
85,102,83,
85,102,83,
85,102,83,
85,102,82,
85,102,82,
85,102,81,
85,102,80,
85,102,80,
85,102,80,
85,102,81,
85,102,80,
85,102,80,
85,102,79,
85,102,79,
85,102,78,
85,102,78,
85,102,79,
85,102,78,
85,102,78,
85,102,78,
85,102,78,
85,102,78,
85,102,75,
86,102,78,
86,102,77,
86,102,77,
86,102,77,
86,102,77,
86,102,77,
86,102,77,
86,102,77,
86,102,77,
86,102,76,
86,102,76,
86,102,77,
86,102,79,
86,102,79,
86,102,80,
86,102,80,
86,102,80,
86,102,80,
86,102,81,
86,102,80,
85,102,80,
85,102,81,
85,102,81,
85,102,82,
85,102,81,
85,102,81,
85,102,81,
85,102,82,
85,102,82,
85,102,82,
85,102,83,
85,102,83,
85,102,83,
85,102,83,
85,102,83,
85,102,83,
85,102,83,
85,102,83,
85,102,83,
85,102,83,
85,102,83,
85,102,84,
85,102,82,
85,102,84,
85,102,84,
85,102,84,
84,102,83,
84,102,83,
84,102,84,
84,102,84,
84,102,83,
84,102,84,
84,102,84,
84,102,84,
84,102,83,
84,102,84,
84,102,84,
84,102,84,
84,102,83,
84,102,82,
85,102,82,
85,102,82,
85,102,81,
85,102,82,
85,102,81,
85,102,80,
85,102,79,
85,102,79,
85,102,79,
85,102,78,
85,102,78,
85,102,78,
85,102,80,
85,102,78,
85,102,78,
85,102,78,
85,102,78,
85,102,77,
85,102,78,
85,102,77,
86,102,77,
86,102,77,
86,102,77,
86,102,78,
86,102,79,
86,102,79,
86,102,80,
85,102,79,
86,102,79,
86,102,80,
85,102,79,
85,102,80,
85,102,81,
85,102,80,
85,102,81,
85,102,81,
85,102,81,
85,102,81,
85,102,81,
85,102,81,
85,102,80,
85,102,81,
85,102,81,
85,102,81,
85,102,82,
85,102,82,
85,102,82,
85,102,81,
85,102,82,
85,102,82,
85,102,82,
85,102,82,
85,102,82,
85,102,82,
85,102,82,
85,102,82,
85,102,82,
85,102,83,
85,102,83,
85,102,83,
85,102,83,
84,102,83,
84,102,83,
84,102,83,
84,102,83,
84,102,83,
84,102,83,
84,102,83,
84,102,83,
84,102,83,
84,102,84,
84,102,83,
84,102,83,
84,102,83,
84,102,83,
84,102,83,
84,102,83,
84,102,84,
84,102,84,
84,102,83,
84,102,83,
84,102,83,
84,102,83,
84,102,82,
84,102,82,
84,102,82,
84,102,81,
84,102,81,
84,102,81,
84,102,81,
84,102,81,
84,102,81,
84,102,81,
85,102,80,
85,102,80,
85,102,79,
85,102,79,
85,102,79,
85,102,79,
85,102,79,
85,102,78,
85,102,78,
85,102,78,
85,102,78,
85,102,77,
85,102,78,
85,102,77,
85,102,77,
85,102,78,
85,102,77,
85,102,86,
85,102,77,
86,102,79,
85,102,78,
85,102,79,
85,102,80,
85,102,80,
85,102,80,
85,102,80,
85,102,80,
85,102,81,
85,102,81,
85,102,81,
85,102,82,
85,102,82,
85,102,82,
85,102,82,
85,102,82,
85,102,82,
85,102,82,
85,102,81,
85,102,82,
85,102,82,
85,102,82,
85,102,82,
85,102,82,
85,102,82,
85,102,82,
85,102,82,
85,102,82,
85,102,83,
84,102,83,
85,102,83,
84,102,82,
84,102,83,
84,102,83,
84,102,83,
84,102,83,
84,102,83,
84,102,83,
84,102,83,
84,102,83,
84,102,84,
84,102,84,
84,102,85,
84,102,85,
84,102,85,
84,102,86,
84,102,86,
84,102,86,
83,102,86,
83,102,86,
83,102,85,
83,102,84,
83,102,83,
83,102,84,
83,102,84,
83,102,84,
83,102,83,
84,102,83,
84,102,82,
84,102,81,
84,102,80,
84,102,80,
84,102,80,
84,102,80,
84,102,80,
84,102,79,
84,102,79,
84,102,79,
84,102,79,
84,102,79,
84,102,79,
84,102,79,
84,102,79,
84,102,78,
84,102,79,
84,102,78,
85,102,78,
85,102,77,
85,102,78,
85,102,78,
85,102,78,
85,102,77,
85,102,78,
85,102,78,
85,102,79,
85,102,80,
85,102,80,
85,102,81,
85,102,81,
85,102,81,
85,102,78,
85,102,82,
84,102,82,
84,102,81,
84,102,82,
84,102,82,
84,102,82,
84,102,82,
84,102,82,
84,102,82,
84,102,83,
84,102,82,
84,102,83,
84,102,83,
84,102,83,
84,102,82,
84,102,82,
84,102,82,
84,102,82,
84,102,83,
84,102,83,
84,102,83,
84,102,84,
84,102,84,
84,102,83,
84,102,83,
84,102,83,
84,102,83,
84,102,83,
84,102,83,
84,102,83,
84,102,83,
84,102,83,
84,102,76,
84,102,82,
84,102,82,
84,102,82,
84,102,83,
84,102,83,
84,102,83,
84,102,82,
84,102,83,
84,102,83,
84,102,83,
84,102,83,
84,102,83,
84,102,84,
84,102,83,
84,102,83,
84,102,83,
84,102,84,
84,102,84,
84,102,83,
84,102,84,
84,102,83,
84,102,83,
84,102,83,
84,102,83,
84,102,83,
84,102,82,
84,102,80,
84,102,80,
84,102,80,
84,102,80,
84,102,80,
84,102,80,
84,102,78,
84,102,79,
84,102,79,
84,102,78,
84,102,78,
84,102,78,
84,102,78,
84,102,78,
84,102,78,
85,102,78,
85,102,78,
85,102,78,
85,102,78,
85,102,78,
85,102,78,
85,102,78,
85,102,77,
85,102,78,
85,102,78,
85,102,77,
85,102,77,
85,102,79,
85,102,80,
85,102,80,
85,102,80,
85,102,80,
85,102,80,
85,102,80,
85,102,80,
85,102,78,
85,102,80,
85,102,81,
85,102,81,
85,102,80,
85,102,80,
85,102,80,
85,102,72,
84,102,80,
84,102,81,
84,102,81,
84,102,81,
84,102,81,
84,102,81,
84,102,81,
84,102,82,
84,102,82,
84,102,82,
84,102,82,
84,102,82,
84,102,83,
84,102,82,
84,102,82,
84,102,83,
84,102,82,
84,102,83,
84,102,83,
84,102,83,
84,102,83,
84,102,83,
84,102,83,
84,102,82,
84,102,82,
84,102,82,
84,102,83,
84,102,85,
84,102,83,
84,102,83,
84,102,83,
84,102,83,
84,102,83,
84,102,83,
84,102,83,
84,102,83,
84,102,82,
84,102,82,
84,102,83,
84,102,79,
84,102,83,
84,102,79,
84,102,84,
84,102,83,
84,102,83,
84,102,83,
84,102,82,
84,102,80,
84,102,82,
84,102,81,
84,102,81,
84,102,81,
84,102,80,
84,102,80,
84,102,80,
84,102,80,
84,102,79,
84,102,79,
84,102,79,
84,102,78,
84,102,79,
84,102,78,
84,102,78,
84,102,78,
84,102,78,
84,102,78,
85,102,78,
85,102,76,
85,102,78,
85,102,80,
85,102,78,
85,102,78,
85,102,77,
85,102,78,
85,102,77,
85,102,77,
85,102,78,
85,102,79,
85,102,80,
85,102,80,
85,102,80,
84,102,80,
85,102,80,
84,102,80,
84,102,80,
84,102,80,
84,102,81,
84,102,81,
84,102,81,
84,102,81,
84,102,81,
84,102,82,
84,102,82,
84,102,82,
84,102,81,
84,102,82,
84,102,84,
84,102,84,
84,102,82,
84,102,83,
84,102,82,
84,102,82,
84,102,83,
84,102,83,
84,102,73,
84,102,83,
84,102,83,
84,102,93,
84,102,84,
84,102,84,
84,102,84,
84,102,85,
84,102,84,
84,102,85,
84,102,85,
84,102,85,
83,102,84,
83,102,84,
83,102,84,
83,102,84,
83,102,83,
83,102,83,
83,102,84,
83,102,83,
83,102,87,
84,102,82,
84,102,82,
84,102,79,
84,102,80,
84,102,74,
84,102,80,
84,102,80,
84,102,78,
84,102,79,
84,102,79,
84,102,79,
84,102,79,
84,102,79,
84,102,79,
84,102,78,
84,102,79,
84,102,78,
84,102,79,
84,102,78,
84,102,78,
84,102,78,
84,102,78,
84,102,78,
84,102,77,
84,102,78,
85,102,77,
84,102,78,
85,102,76,
85,102,77,
85,102,78,
85,102,79,
85,102,80,
85,102,80,
85,102,80,
85,102,81,
84,102,81,
84,102,82,
84,102,82,
84,102,82,
84,102,82,
84,102,90,
84,102,83,
84,102,82,
84,102,83,
84,102,83,
84,102,82,
84,102,82,
84,102,83,
84,102,83,
84,102,83,
84,102,83,
84,102,84,
84,102,83,
84,102,83,
84,102,83,
84,102,89,
84,102,84,
83,102,85,
83,102,84,
83,102,85,
83,102,84,
83,102,85,
83,102,84,
83,102,84,
83,102,84,
83,102,84,
83,102,85,
83,102,84,
83,102,84,
83,102,84,
83,102,84,
83,102,83,
83,102,83,
83,102,82,
83,102,81,
83,102,81,
83,102,80,
83,102,80,
83,102,80,
83,102,79,
83,102,80,
83,102,79,
84,102,79,
84,102,79,
84,102,79,
84,102,79,
84,102,79,
84,102,79,
84,102,78,
84,102,79,
84,102,79,
84,102,78,
84,102,78,
84,102,78,
84,102,81,
84,102,78,
84,102,77,
84,102,78,
84,102,77,
84,102,78,
84,102,77,
84,102,81,
84,102,77,
84,102,78,
84,102,80,
84,102,80,
84,102,81,
84,102,81,
84,102,82,
84,102,82,
84,102,82,
84,102,82,
84,102,82,
84,102,82,
84,102,77,
84,102,82,
84,102,83,
84,102,83,
83,102,83,
83,102,83,
83,102,83,
83,102,83,
83,102,83,
83,102,83,
83,102,84,
83,102,83,
83,102,83,
83,102,83,
83,102,83,
83,102,83,
83,102,80,
83,102,83,
83,102,83,
83,102,83,
83,102,82,
83,102,83,
83,102,83,
83,102,83,
83,102,84,
83,102,83,
83,102,83,
83,102,83,
83,102,84,
83,102,84,
83,102,84,
83,102,84,
83,102,84,
83,102,83,
83,102,84,
83,102,85,
83,102,85,
83,102,84,
83,102,84,
83,102,83,
83,102,82,
83,102,83,
83,102,82,
83,102,82,
83,102,81,
83,102,81,
83,102,79,
83,102,80,
83,102,79,
83,102,79,
83,102,79,
83,102,79,
83,102,79,
83,102,79,
83,102,78,
83,102,79,
83,102,79,
83,102,79,
83,102,79,
84,102,78,
84,102,78,
84,102,78,
84,102,78,
84,102,78,
84,102,77,
84,102,77,
84,102,78,
84,102,78,
84,102,77,
84,102,77,
84,102,79,
84,102,73,
84,102,80,
84,102,80,
84,102,80,
84,102,80,
84,102,81,
84,102,81,
84,102,82,
84,102,81,
84,102,81,
84,102,77,
84,102,82,
84,102,82,
84,102,82,
83,102,77,
83,102,83,
83,102,83,
83,102,83,
83,102,83,
83,102,83,
83,102,83,
83,102,83,
83,102,83,
83,102,83,
83,102,83,
83,102,83,
83,102,84,
83,102,84,
83,102,84,
83,102,83,
83,102,83,
83,102,83,
83,102,83,
83,102,84,
83,102,84,
83,102,85,
83,102,85,
82,102,79,
82,102,85,
82,102,87,
82,102,85,
82,102,84,
82,102,85,
82,102,85,
82,102,85,
82,102,84,
82,102,84,
82,102,83,
82,102,83,
82,102,83,
82,102,83,
83,102,83,
83,102,82,
83,102,81,
83,102,81,
83,102,80,
83,102,80,
83,102,80,
83,102,80,
83,102,80,
83,102,79,
83,102,79,
83,102,79,
83,102,79,
83,102,79,
83,102,79,
83,102,78,
83,102,78,
83,102,78,
84,102,78,
84,102,78,
84,102,78,
84,102,77,
84,102,77,
84,102,78,
84,102,78,
84,102,77,
84,102,80,
84,102,80,
84,102,81,
84,102,80,
84,102,80,
84,102,92,
84,102,81,
84,102,81,
84,102,81,
84,102,81,
84,102,81,
84,102,81,
84,102,81,
84,102,81,
83,102,81,
83,102,81,
83,102,81,
83,102,81,
83,102,82,
83,102,81,
83,102,82,
83,102,82,
83,102,82,
83,102,81,
83,102,82,
83,102,82,
83,102,82,
83,102,83,
83,102,82,
83,102,83,
83,102,82,
83,102,83,
83,102,83,
83,102,82,
83,102,83,
83,102,84,
83,102,82,
83,102,82,
83,102,92,
83,102,82,
83,102,82,
83,102,83,
83,102,83,
83,102,83,
83,102,84,
83,102,84,
83,102,79,
83,102,83,
83,102,83,
83,102,83,
83,102,83,
83,102,84,
83,102,87,
83,102,84,
83,102,84,
83,102,84,
83,102,84,
83,102,84,
83,102,84,
83,102,84,
82,102,84,
82,102,84,
82,102,84,
82,102,84,
82,102,84,
82,102,84,
82,102,84,
82,102,84,
82,102,84,
82,102,83,
83,102,83,
83,102,83,
83,102,82,
83,102,81,
83,102,81,
83,102,80,
83,102,80,
83,102,80,
83,102,80,
83,102,80,
83,102,79,
83,102,79,
83,102,79,
83,102,79,
83,102,79,
83,102,79,
83,102,79,
83,102,78,
83,102,79,
83,102,79,
83,102,78,
84,102,78,
84,102,78,
84,102,78,
84,102,78,
84,102,78,
84,102,77,
84,102,78,
84,102,78,
84,102,77,
84,102,79,
84,102,80,
84,102,80,
84,102,81,
84,102,80,
84,102,81,
84,102,81,
84,102,80,
84,102,81,
84,102,81,
84,102,81,
83,102,81,
83,102,82,
83,102,82,
83,102,82,
83,102,82,
83,102,82,
83,102,82,
83,102,82,
83,102,82,
83,102,82,
83,102,83,
83,102,82,
83,102,83,
83,102,95,
83,102,83,
83,102,83,
83,102,83,
83,102,83,
83,102,82,
83,102,83,
83,102,83,
83,102,84,
83,102,83,
83,102,83,
83,102,84,
83,102,83,
83,102,83,
83,102,84,
83,102,84,
83,102,84,
83,102,84,
83,102,84,
83,102,84,
83,102,83,
82,102,84,
82,102,93,
82,102,83,
82,102,84,
82,102,83,
82,102,84,
82,102,84,
82,102,84,
82,102,83,
82,102,83,
82,102,84,
82,102,83,
82,102,84,
82,102,83,
82,102,84,
82,102,84,
82,102,83,
82,102,84,
82,102,84,
82,102,84,
82,102,84,
82,102,84,
82,102,82,
82,102,84,
82,102,83,
82,102,83,
82,102,83,
82,102,83,
82,102,83,
82,102,84,
82,102,84,
82,102,84,
82,102,84,
82,102,83,
82,102,91,
82,102,82,
82,102,82,
82,102,82,
82,102,82,
82,102,81,
82,102,81,
82,102,81,
82,102,80,
82,102,81,
83,102,80,
83,102,80,
83,102,80,
83,102,79,
83,102,79,
83,102,79,
83,102,79,
83,102,79,
83,102,79,
83,102,78,
83,102,79,
83,102,78,
83,102,78,
83,102,78,
83,102,78,
83,102,78,
83,102,79,
83,102,76,
83,102,78,
83,102,78,
83,102,78,
83,102,79,
83,102,79,
83,102,80,
83,102,81,
83,102,81,
83,102,81,
83,102,80,
83,102,81,
83,102,82,
83,102,82,
83,102,82,
83,102,82,
83,102,82,
83,102,82,
83,102,82,
83,102,83,
83,102,82,
83,102,82,
83,102,82,
83,102,82,
83,102,82,
83,102,82,
83,102,83,
83,102,83,
83,102,82,
83,102,83,
83,102,83,
83,102,83,
83,102,83,
83,102,83,
83,102,83,
83,102,83,
83,102,83,
83,102,83,
83,102,82,
83,102,83,
83,102,83,
83,102,83,
83,102,83,
83,102,83,
83,102,83,
83,102,83,
83,102,83,
83,102,84,
83,102,84,
83,102,83,
83,102,95,
83,102,84,
83,102,84,
83,102,84,
83,102,84,
83,102,85,
83,102,84,
83,102,84,
83,102,84,
83,102,84,
83,102,83,
83,102,83,
83,102,82,
83,102,82,
83,102,82,
83,102,81,
83,102,80,
83,102,80,
83,102,80,
83,102,79,
83,102,79,
83,102,79,
83,102,79,
83,102,79,
83,102,79,
83,102,78,
83,102,78,
83,102,78,
83,102,78,
83,102,78,
83,102,78,
83,102,78,
83,102,78,
83,102,78,
83,102,78,
83,102,77,
83,102,78,
84,102,78,
83,102,77,
84,102,78,
84,102,78,
84,102,78,
84,102,74,
84,102,80,
83,102,81,
83,102,81,
83,102,82,
83,102,82,
83,102,82,
83,102,82,
83,102,82,
83,102,83,
83,102,83,
83,102,83,
83,102,83,
83,102,82,
83,102,83,
83,102,82,
83,102,82,
83,102,82,
83,102,82,
83,102,82,
83,102,82,
83,102,82,
83,102,82,
83,102,82,
83,102,82,
83,102,82,
83,102,84,
83,102,84,
83,102,83,
83,102,83,
83,102,84,
83,102,84,
83,102,83,
83,102,83,
83,102,83,
83,102,83,
83,102,83,
83,102,84,
83,102,85,
83,102,84,
83,102,84,
83,102,84,
83,102,86,
83,102,84,
83,102,83,
83,102,84,
83,102,84,
83,102,84,
83,102,83,
83,102,83,
83,102,83,
83,102,82,
83,102,81,
83,102,80,
83,102,80,
83,102,80,
83,102,79,
83,102,81,
83,102,79,
83,102,79,
83,102,79,
83,102,79,
83,102,79,
83,102,79,
83,102,79,
83,102,78,
83,102,79,
83,102,78,
83,102,79,
83,102,78,
83,102,78,
83,102,78,
83,102,79,
83,102,78,
83,102,78,
83,102,78,
83,102,78,
83,102,78,
83,102,78,
83,102,78,
83,102,78,
83,102,80,
83,102,81,
83,102,81,
83,102,82,
83,102,81,
83,102,82,
83,102,82,
83,102,82,
83,102,82,
83,102,82,
83,102,82,
83,102,83,
83,102,83,
83,102,83,
83,102,83,
83,102,83,
83,102,83,
83,102,83,
83,102,83,
83,102,83,
83,102,83,
83,102,83,
83,102,83,
83,102,84,
83,102,84,
83,102,83,
83,102,84,
83,102,82,
83,102,84,
83,102,84,
83,102,84,
83,102,84,
83,102,84,
83,102,84,
83,102,83,
83,102,84,
83,102,83,
83,102,85,
83,102,83,
83,102,83,
83,102,83,
83,102,82,
83,102,82,
83,102,82,
83,102,81,
83,102,80,
83,102,80,
83,102,79,
83,102,80,
83,102,79,
83,102,79,
83,102,79,
83,102,79,
83,102,79,
83,102,79,
83,102,79,
83,102,79,
83,102,78,
83,102,79,
83,102,77,
83,102,78,
83,102,77,
84,102,78,
84,102,79,
84,102,78,
84,102,78,
84,102,77,
84,102,78,
84,102,78,
84,102,77,
84,102,77,
84,102,77,
84,102,73,
84,102,77,
84,102,77,
84,102,77,
84,102,78,
84,102,79,
84,102,79,
84,102,80,
84,102,80,
84,102,82,
83,102,81,
83,102,81,
83,102,82,
83,102,81,
83,102,82,
83,102,82,
83,102,82,
83,102,83,
83,102,83,
83,102,83,
83,102,83,
83,102,83,
83,102,83,
83,102,83,
83,102,83,
83,102,84,
83,102,84,
83,102,84,
83,102,84,
82,102,84,
82,102,74,
82,102,84,
82,102,84,
82,102,83,
82,102,83,
82,102,84,
82,102,83,
82,102,84,
82,102,84,
82,102,84,
82,102,84,
82,102,84,
82,102,84,
82,102,84,
82,102,84,
82,102,83,
82,102,83,
82,102,83,
82,102,82,
82,102,83,
82,102,82,
82,102,81,
82,102,80,
82,102,80,
82,102,80,
83,102,79,
83,102,79,
83,102,79,
83,102,79,
83,102,79,
83,102,79,
83,102,79,
83,102,79,
83,102,79,
83,102,79,
83,102,78,
83,102,78,
83,102,78,
83,102,78,
83,102,78,
83,102,77,
83,102,78,
83,102,78,
83,102,78,
83,102,78,
83,102,78,
83,102,77,
83,102,77,
83,102,78,
83,102,77,
83,102,78,
83,102,81,
83,102,81,
83,102,81,
83,102,81,
83,102,80,
83,102,81,
83,102,81,
83,102,81,
83,102,81,
83,102,82,
83,102,82,
83,102,82,
83,102,83,
83,102,83,
83,102,82,
82,102,82,
82,102,82,
82,102,82,
82,102,83,
82,102,83,
82,102,83,
82,102,83,
82,102,83,
82,102,83,
82,102,83,
82,102,84,
82,102,83,
82,102,83,
82,102,83,
82,102,83,
82,102,84,
82,102,84,
82,102,84,
82,102,84,
82,102,84,
82,102,84,
82,102,84,
82,102,84,
82,102,84,
82,102,84,
82,102,84,
82,102,84,
82,102,84,
82,102,84,
82,102,84,
82,102,84,
82,102,84,
82,102,82,
82,102,82,
82,102,81,
82,102,80,
82,102,80,
82,102,81,
82,102,80,
82,102,80,
83,102,79,
83,102,79,
83,102,79,
83,102,79,
83,102,79,
83,102,79,
83,102,79,
83,102,79,
83,102,79,
83,102,79,
83,102,78,
83,102,79,
83,102,78,
83,102,77,
83,102,78,
83,102,78,
83,102,78,
83,102,78,
83,102,78,
83,102,77,
83,102,77,
83,102,77,
83,102,77,
83,102,77,
83,102,77,
83,102,77,
83,102,79,
83,102,80,
83,102,81,
83,102,81,
83,102,81,
83,102,80,
83,102,81,
83,102,81,
83,102,82,
83,102,81,
83,102,82,
83,102,82,
83,102,82,
83,102,82,
83,102,82,
83,102,82,
83,102,82,
83,102,83,
82,102,82,
83,102,83,
83,102,83,
82,102,83,
83,102,83,
82,102,83,
83,102,83,
82,102,83,
82,102,83,
82,102,84,
82,102,83,
82,102,83,
82,102,83,
82,102,83,
82,102,83,
82,102,77,
82,102,83,
82,102,83,
82,102,83,
82,102,83,
82,102,83,
82,102,83,
82,102,83,
82,102,83,
82,102,83,
82,102,83,
82,102,83,
82,102,84,
82,102,84,
82,102,84,
82,102,83,
82,102,83,
82,102,84,
82,102,83,
82,102,83,
82,102,83,
82,102,83,
82,102,83,
82,102,82,
82,102,82,
82,102,81,
82,102,80,
83,102,80,
83,102,80,
83,102,79,
83,102,79,
83,102,79,
83,102,79,
83,102,79,
83,102,79,
83,102,79,
83,102,78,
83,102,79,
83,102,79,
83,102,79,
83,102,78,
83,102,78,
83,102,78,
83,102,78,
83,102,78,
83,102,77,
83,102,78,
83,102,77,
83,102,78,
83,102,78,
83,102,78,
83,102,78,
83,102,77,
83,102,78,
83,102,78,
83,102,79,
83,102,79,
83,102,80,
83,102,80,
83,102,80,
83,102,80,
83,102,81,
83,102,82,
83,102,81,
83,102,82,
83,102,83,
83,102,83,
83,102,82,
83,102,82,
83,102,82,
83,102,82,
83,102,82,
83,102,82,
83,102,82,
82,102,81,
82,102,82,
82,102,82,
82,102,82,
82,102,82,
82,102,82,
82,102,82,
82,102,83,
82,102,82,
82,102,83,
82,102,83,
82,102,83,
82,102,82,
82,102,83,
82,102,83,
82,102,83,
82,102,83,
82,102,84,
82,102,84,
82,102,84,
82,102,84,
82,102,84,
82,102,84,
82,102,84,
82,102,84,
82,102,84,
82,102,84,
82,102,84,
82,102,84,
82,102,84,
82,102,84,
82,102,84,
82,102,83,
82,102,83,
82,102,85,
82,102,82,
82,102,82,
82,102,81,
82,102,81,
82,102,81,
82,102,81,
82,102,81,
82,102,79,
82,102,80,
82,102,79,
82,102,79,
82,102,79,
82,102,79,
83,102,79,
83,102,79,
83,102,79,
83,102,79,
83,102,78,
83,102,82,
83,102,79,
83,102,78,
83,102,78,
83,102,78,
83,102,78,
83,102,78,
83,102,78,
83,102,78,
83,102,78,
83,102,78,
83,102,78,
83,102,78,
83,102,79,
83,102,81,
83,102,89,
83,102,81,
82,102,83,
82,102,83,
82,102,83,
82,102,82,
82,102,82,
82,102,82,
82,102,83,
82,102,83,
82,102,84,
82,102,85,
82,102,84,
82,102,84,
82,102,84,
82,102,84,
82,102,84,
82,102,84,
82,102,84,
82,102,84,
82,102,84,
82,102,84,
82,102,85,
81,102,85,
82,102,85,
82,102,84,
82,102,85,
82,102,84,
82,102,85,
82,102,85,
82,102,85,
82,102,84,
82,102,85,
82,102,84,
81,102,84,
82,102,85,
82,102,84,
82,102,85,
82,102,84,
82,102,84,
81,102,85,
81,102,84,
82,102,83,
82,102,83,
82,102,84,
82,102,83,
82,102,83,
82,102,82,
82,102,81,
82,102,81,
82,102,80,
82,102,80,
82,102,80,
82,102,80,
82,102,80,
82,102,80,
82,102,80,
82,102,79,
82,102,79,
82,102,79,
82,102,79,
82,102,79,
82,102,79,
82,102,78,
82,102,78,
82,102,78,
82,102,78,
82,102,78,
82,102,78,
82,102,78,
82,102,78,
82,102,78,
83,102,78,
83,102,78,
83,102,78,
83,102,78,
83,102,78,
83,102,78,
83,102,79,
83,102,81,
83,102,81,
83,102,81,
82,102,75,
82,102,82,
82,102,82,
82,102,82,
82,102,82,
82,102,83,
82,102,83,
82,102,83,
82,102,83,
82,102,84,
82,102,83,
82,102,83,
82,102,83,
82,102,85,
82,102,84,
82,102,84,
82,102,84,
82,102,84,
82,102,84,
82,102,84,
82,102,84,
82,102,84,
81,102,84,
82,102,85,
81,102,85,
81,102,85,
81,102,85,
81,102,85,
81,102,85,
81,102,85,
81,102,85,
81,102,84,
81,102,85,
81,102,85,
81,102,84,
81,102,74,
81,102,84,
81,102,84,
81,102,82,
81,102,81,
81,102,81,
82,102,81,
82,102,79,
82,102,81,
82,102,80,
82,102,80,
82,102,80,
82,102,79,
82,102,79,
82,102,79,
82,102,79,
82,102,79,
82,102,79,
82,102,79,
82,102,79,
82,102,79,
82,102,79,
82,102,79,
82,102,79,
82,102,78,
82,102,78,
82,102,78,
82,102,78,
82,102,78,
82,102,78,
82,102,79,
82,102,78,
82,102,78,
82,102,78,
82,102,78,
82,102,78,
82,102,80,
82,102,78,
82,102,81,
82,102,81,
82,102,81,
82,102,81,
82,102,82,
82,102,82,
82,102,81,
82,102,82,
82,102,82,
82,102,83,
82,102,83,
82,102,84,
82,102,84,
82,102,83,
82,102,84,
81,102,84,
81,102,84,
81,102,83,
81,102,84,
81,102,84,
81,102,85,
81,102,84,
81,102,84,
81,102,84,
81,102,84,
81,102,84,
81,102,84,
81,102,84,
81,102,84,
81,102,85,
81,102,85,
81,102,84,
81,102,85,
81,102,85,
81,102,84,
81,102,84,
81,102,85,
81,102,85,
81,102,85,
81,102,84,
81,102,85,
81,102,85,
81,102,85,
81,102,84,
81,102,83,
81,102,83,
81,102,83,
81,102,82,
81,102,81,
81,102,81,
81,102,81,
81,102,81,
81,102,80,
81,102,80,
81,102,80,
82,102,80,
82,102,79,
82,102,79,
82,102,79,
82,102,80,
82,102,80,
82,102,79,
82,102,79,
82,102,79,
82,102,79,
82,102,79,
82,102,79,
82,102,79,
82,102,79,
82,102,79,
82,102,78,
82,102,79,
82,102,78,
82,102,78,
82,102,81,
82,102,78,
82,102,78,
82,102,78,
82,102,80,
82,102,81,
82,102,81,
82,102,81,
82,102,81,
82,102,81,
82,102,82,
82,102,82,
82,102,82,
82,102,82,
82,102,92,
82,102,83,
82,102,84,
81,102,74,
81,102,83,
81,102,84,
81,102,84,
81,102,83,
81,102,84,
81,102,84,
81,102,83,
81,102,83,
81,102,84,
81,102,84,
81,102,84,
81,102,84,
81,102,84,
81,102,85,
81,102,84,
81,102,85,
81,102,85,
81,102,84,
81,102,85,
81,102,85,
81,102,84,
81,102,84,
81,102,85,
81,102,85,
81,102,85,
81,102,85,
81,102,85,
81,102,85,
81,102,85,
81,102,85,
81,102,85,
81,102,85,
81,102,84,
81,102,94,
81,102,84,
81,102,83,
81,102,81,
81,102,81,
81,102,81,
81,102,80,
81,102,80,
81,102,80,
81,102,80,
81,102,80,
81,102,80,
81,102,80,
81,102,79,
81,102,79,
82,102,79,
82,102,79,
82,102,79,
82,102,78,
82,102,79,
82,102,79,
82,102,78,
82,102,79,
82,102,78,
82,102,78,
82,102,78,
82,102,78,
82,102,81,
82,102,78,
82,102,78,
82,102,78,
82,102,78,
82,102,78,
82,102,80,
82,102,80,
82,102,81,
82,102,82,
82,102,90,
82,102,82,
82,102,82,
81,102,83,
81,102,84,
81,102,84,
81,102,84,
81,102,84,
81,102,84,
81,102,84,
81,102,85,
81,102,84,
81,102,85,
81,102,85,
81,102,85,
81,102,85,
81,102,85,
81,102,84,
81,102,84,
81,102,85,
81,102,85,
81,102,85,
81,102,85,
81,102,85,
81,102,85,
81,102,78,
81,102,85,
81,102,85,
81,102,85,
81,102,85,
81,102,85,
81,102,96,
81,102,85,
81,102,85,
81,102,85,
81,102,84,
81,102,84,
81,102,84,
81,102,83,
81,102,83,
81,102,82,
81,102,81,
81,102,80,
81,102,80,
81,102,80,
81,102,80,
81,102,80,
81,102,80,
81,102,80,
81,102,80,
81,102,80,
81,102,79,
81,102,79,
81,102,79,
81,102,80,
81,102,79,
82,102,79,
82,102,79,
81,102,79,
82,102,79,
82,102,79,
82,102,79,
82,102,79,
82,102,74,
82,102,78,
82,102,78,
82,102,73,
82,102,78,
82,102,78,
82,102,78,
82,102,78,
82,102,79,
82,102,80,
82,102,81,
82,102,80,
82,102,81,
82,102,81,
82,102,82,
81,102,82,
81,102,82,
81,102,82,
81,102,83,
81,102,83,
81,102,83,
81,102,81,
81,102,83,
81,102,84,
81,102,84,
81,102,84,
81,102,84,
81,102,84,
81,102,84,
81,102,84,
81,102,84,
81,102,84,
81,102,85,
81,102,85,
81,102,76,
81,102,84,
81,102,85,
81,102,84,
81,102,85,
81,102,85,
81,102,85,
81,102,85,
81,102,85,
81,102,85,
81,102,80,
81,102,85,
81,102,85,
81,102,85,
81,102,85,
81,102,84,
81,102,85,
81,102,85,
81,102,86,
81,102,82,
81,102,81,
81,102,81,
81,102,80,
81,102,80,
81,102,80,
81,102,80,
81,102,81,
81,102,80,
81,102,80,
81,102,80,
81,102,80,
81,102,79,
81,102,79,
81,102,79,
81,102,79,
81,102,79,
81,102,79,
81,102,78,
81,102,79,
81,102,78,
81,102,79,
81,102,79,
82,102,78,
82,102,78,
82,102,78,
82,102,78,
82,102,78,
82,102,78,
82,102,78,
82,102,78,
82,102,80,
82,102,81,
82,102,82,
81,102,82,
81,102,82,
81,102,83,
81,102,82,
81,102,83,
81,102,83,
81,102,84,
81,102,84,
81,102,84,
81,102,84,
81,102,85,
81,102,85,
81,102,85,
81,102,84,
81,102,85,
81,102,85,
81,102,85,
81,102,85,
81,102,85,
81,102,84,
81,102,85,
81,102,85,
81,102,85,
81,102,85,
81,102,85,
81,102,85,
81,102,85,
81,102,85,
81,102,85,
81,102,85,
81,102,84,
81,102,84,
81,102,84,
81,102,84,
81,102,83,
81,102,83,
81,102,81,
81,102,81,
81,102,80,
81,102,80,
81,102,81,
81,102,80,
81,102,80,
81,102,80,
81,102,80,
81,102,80,
81,102,80,
81,102,79,
81,102,80,
81,102,80,
81,102,80,
81,102,79,
81,102,79,
81,102,79,
81,102,79,
81,102,80,
81,102,79,
81,102,79,
81,102,78,
81,102,79,
81,102,79,
81,102,78,
82,102,78,
82,102,79,
82,102,78,
82,102,78,
82,102,78,
82,102,79,
82,102,78,
82,102,80,
82,102,81,
82,102,81,
82,102,81,
81,102,82,
81,102,81,
81,102,81,
81,102,81,
81,102,81,
81,102,82,
81,102,85,
81,102,82,
81,102,82,
81,102,82,
81,102,83,
81,102,82,
81,102,79,
81,102,83,
81,102,83,
81,102,83,
81,102,83,
81,102,83,
81,102,82,
81,102,77,
81,102,84,
81,102,84,
81,102,85,
81,102,82,
81,102,84,
81,102,84,
81,102,83,
81,102,84,
81,102,84,
81,102,84,
81,102,90,
81,102,85,
81,102,85,
81,102,85,
81,102,85,
81,102,84,
81,102,85,
81,102,84,
81,102,84,
81,102,85,
81,102,84,
81,102,84,
81,102,83,
81,102,83,
81,102,83,
81,102,82,
81,102,81,
81,102,80,
81,102,77,
81,102,80,
81,102,80,
81,102,80,
81,102,80,
81,102,79,
81,102,80,
81,102,79,
81,102,79,
81,102,79,
81,102,79,
81,102,79,
81,102,79,
81,102,79,
81,102,79,
81,102,78,
81,102,78,
81,102,78,
81,102,79,
81,102,79,
81,102,78,
81,102,78,
81,102,79,
81,102,78,
81,102,79,
81,102,78,
81,102,78,
81,102,78,
81,102,78,
82,102,79,
82,102,81,
81,102,80,
81,102,81,
81,102,82,
81,102,82,
81,102,82,
81,102,82,
81,102,81,
81,102,82,
81,102,82,
81,102,80,
81,102,82,
81,102,82,
81,102,82,
81,102,82,
81,102,83,
81,102,83,
81,102,83,
81,102,83,
81,102,83,
81,102,83,
81,102,83,
81,102,84,
81,102,83,
81,102,83,
81,102,84,
81,102,83,
81,102,84,
81,102,85,
81,102,82,
81,102,85,
81,102,84,
81,102,85,
80,102,84,
80,102,84,
80,102,85,
80,102,84,
80,102,85,
80,102,85,
80,102,85,
80,102,85,
80,102,84,
80,102,84,
80,102,85,
80,102,85,
80,102,84,
80,102,86,
80,102,85,
80,102,79,
80,102,82,
80,102,83,
80,102,83,
81,102,82,
81,102,81,
81,102,81,
81,102,80,
81,102,80,
81,102,80,
81,102,80,
81,102,80,
81,102,82,
81,102,79,
81,102,79,
81,102,79,
81,102,79,
81,102,79,
81,102,78,
81,102,78,
81,102,79,
81,102,78,
81,102,79,
81,102,78,
81,102,79,
81,102,79,
81,102,78,
81,102,79,
81,102,78,
81,102,78,
81,102,78,
81,102,78,
81,102,78,
81,102,78,
81,102,78,
81,102,78,
81,102,78,
81,102,81,
81,102,81,
81,102,82,
81,102,82,
81,102,82,
81,102,81,
81,102,81,
81,102,73,
81,102,82,
81,102,81,
81,102,82,
81,102,82,
81,102,82,
81,102,82,
81,102,82,
81,102,82,
81,102,82,
81,102,82,
81,102,83,
81,102,83,
81,102,83,
81,102,83,
81,102,83,
81,102,84,
81,102,83,
81,102,83,
81,102,87,
80,102,84,
80,102,84,
80,102,84,
80,102,84,
80,102,84,
80,102,84,
80,102,85,
80,102,84,
80,102,84,
80,102,84,
80,102,85,
80,102,84,
80,102,85,
80,102,84,
80,102,84,
80,102,85,
80,102,85,
80,102,85,
80,102,98,
80,102,85,
80,102,85,
80,102,86,
80,102,85,
80,102,85,
80,102,85,
80,102,84,
80,102,84,
80,102,82,
80,102,81,
80,102,81,
80,102,81,
80,102,81,
80,102,80,
81,102,80,
81,102,80,
81,102,80,
81,102,80,
81,102,80,
81,102,79,
81,102,79,
81,102,79,
81,102,80,
81,102,79,
81,102,79,
81,102,79,
81,102,79,
81,102,79,
81,102,78,
81,102,78,
81,102,78,
81,102,78,
81,102,78,
81,102,78,
81,102,78,
81,102,78,
81,102,78,
81,102,78,
81,102,78,
81,102,77,
82,102,78,
81,102,80,
81,102,81,
81,102,81,
81,102,81,
81,102,90,
81,102,81,
81,102,82,
81,102,82,
81,102,81,
81,102,82,
81,102,82,
81,102,83,
81,102,83,
81,102,83,
81,102,83,
81,102,84,
81,102,83,
81,102,84,
81,102,84,
81,102,84,
81,102,84,
81,102,83,
81,102,84,
81,102,85,
80,102,84,
80,102,84,
80,102,84,
80,102,84,
80,102,85,
80,102,88,
80,102,84,
80,102,84,
80,102,85,
80,102,85,
80,102,85,
80,102,84,
80,102,84,
80,102,84,
80,102,85,
80,102,85,
80,102,85,
80,102,84,
80,102,84,
80,102,84,
80,102,83,
80,102,82,
80,102,82,
80,102,81,
80,102,80,
80,102,80,
80,102,86,
80,102,80,
81,102,80,
81,102,80,
81,102,80,
81,102,79,
81,102,80,
81,102,80,
81,102,80,
81,102,79,
81,102,79,
81,102,79,
81,102,80,
81,102,79,
81,102,80,
81,102,79,
81,102,79,
81,102,79,
81,102,80,
81,102,78,
81,102,79,
81,102,79,
81,102,79,
81,102,78,
81,102,79,
81,102,78,
81,102,78,
81,102,78,
81,102,78,
81,102,80,
81,102,81,
81,102,81,
81,102,82,
81,102,81,
81,102,82,
81,102,81,
81,102,82,
81,102,82,
81,102,83,
81,102,83,
81,102,83,
81,102,83,
81,102,83,
81,102,84,
81,102,84,
81,102,84,
81,102,84,
80,102,84,
81,102,84,
81,102,84,
80,102,84,
81,102,84,
81,102,84,
80,102,83,
80,102,84,
80,102,84,
80,102,84,
80,102,84,
80,102,83,
80,102,83,
80,102,84,
80,102,84,
80,102,84,
80,102,84,
80,102,84,
80,102,84,
80,102,84,
80,102,84,
80,102,84,
80,102,84,
80,102,84,
80,102,84,
80,102,85,
80,102,84,
80,102,84,
80,102,84,
80,102,84,
80,102,83,
80,102,83,
80,102,81,
80,102,81,
80,102,81,
80,102,72,
80,102,80,
81,102,80,
81,102,80,
81,102,80,
81,102,77,
81,102,80,
81,102,80,
81,102,80,
81,102,79,
81,102,79,
81,102,79,
81,102,79,
81,102,79,
81,102,79,
81,102,78,
81,102,79,
81,102,79,
81,102,79,
81,102,79,
81,102,79,
81,102,79,
81,102,78,
81,102,78,
81,102,79,
81,102,82,
81,102,78,
81,102,78,
81,102,78,
81,102,80,
81,102,80,
81,102,81,
81,102,82,
81,102,81,
81,102,82,
81,102,83,
81,102,82,
81,102,82,
81,102,82,
81,102,82,
81,102,82,
81,102,82,
80,102,83,
80,102,83,
80,102,85,
80,102,84,
80,102,83,
80,102,83,
80,102,83,
80,102,84,
80,102,84,
80,102,83,
80,102,83,
80,102,84,
80,102,83,
80,102,83,
80,102,84,
80,102,84,
80,102,84,
80,102,84,
80,102,85,
80,102,84,
80,102,84,
80,102,84,
80,102,84,
80,102,84,
80,102,84,
80,102,85,
80,102,84,
80,102,78,
80,102,84,
80,102,84,
80,102,84,
80,102,84,
80,102,83,
80,102,82,
80,102,82,
80,102,81,
80,102,81,
80,102,80,
80,102,79,
80,102,80,
80,102,80,
80,102,80,
80,102,79,
80,102,86,
80,102,80,
80,102,80,
81,102,79,
81,102,79,
81,102,79,
81,102,79,
81,102,79,
81,102,79,
81,102,79,
81,102,78,
81,102,79,
81,102,79,
81,102,76,
81,102,78,
81,102,78,
81,102,78,
81,102,78,
81,102,78,
81,102,79,
81,102,81,
81,102,82,
81,102,82,
81,102,82,
81,102,82,
81,102,82,
81,102,83,
81,102,82,
80,102,73,
80,102,83,
80,102,83,
80,102,83,
80,102,83,
80,102,83,
80,102,84,
80,102,84,
80,102,84,
80,102,84,
80,102,84,
80,102,84,
80,102,84,
80,102,84,
80,102,84,
80,102,84,
80,102,84,
80,102,84,
80,102,84,
80,102,84,
80,102,84,
80,102,84,
80,102,84,
80,102,84,
80,102,84,
80,102,84,
80,102,84,
80,102,84,
80,102,84,
80,102,84,
80,102,85,
80,102,85,
80,102,84,
80,102,84,
80,102,84,
80,102,84,
80,102,83,
80,102,83,
80,102,85,
80,102,82,
80,102,82,
80,102,81,
80,102,80,
80,102,80,
80,102,80,
80,102,80,
80,102,80,
80,102,80,
80,102,80,
80,102,80,
80,102,79,
80,102,79,
80,102,79,
80,102,79,
80,102,80,
80,102,80,
81,102,79,
81,102,79,
81,102,89,
81,102,79,
81,102,79,
81,102,79,
81,102,79,
81,102,78,
81,102,79,
81,102,78,
81,102,78,
81,102,79,
81,102,78,
81,102,78,
81,102,79,
81,102,80,
81,102,81,
81,102,82,
81,102,82,
81,102,82,
81,102,82,
81,102,81,
81,102,82,
81,102,81,
81,102,82,
80,102,83,
80,102,83,
80,102,83,
80,102,84,
80,102,84,
80,102,84,
80,102,84,
80,102,84,
80,102,84,
80,102,84,
80,102,84,
80,102,84,
80,102,84,
80,102,84,
80,102,84,
80,102,85,
80,102,85,
80,102,84,
80,102,84,
80,102,84,
80,102,84,
80,102,85,
80,102,84,
80,102,84,
80,102,82,
80,102,84,
80,102,85,
80,102,85,
80,102,85,
80,102,85,
80,102,85,
80,102,85,
80,102,85,
80,102,84,
80,102,83,
80,102,82,
80,102,81,
80,102,81,
80,102,90,
80,102,81,
80,102,81,
80,102,80,
80,102,80,
80,102,80,
80,102,80,
80,102,80,
80,102,79,
80,102,80,
80,102,80,
80,102,80,
80,102,80,
80,102,79,
80,102,79,
80,102,79,
80,102,79,
80,102,79,
80,102,79,
80,102,76,
80,102,79,
80,102,79,
80,102,78,
80,102,78,
80,102,78,
80,102,79,
80,102,78,
80,102,79,
80,102,80,
80,102,81,
80,102,81,
80,102,83,
80,102,83,
80,102,83,
80,102,82,
80,102,83,
80,102,84,
80,102,84,
80,102,84,
80,102,83,
80,102,84,
80,102,84,
80,102,83,
80,102,84,
80,102,85,
80,102,84,
80,102,85,
80,102,85,
80,102,85,
80,102,85,
80,102,85,
80,102,82,
80,102,85,
79,102,85,
80,102,85,
80,102,85,
79,102,85,
80,102,84,
80,102,85,
80,102,85,
79,102,84,
79,102,84,
79,102,83,
80,102,84,
80,102,83,
80,102,82,
80,102,81,
80,102,81,
80,102,81,
80,102,80,
80,102,80,
80,102,81,
80,102,81,
80,102,80,
80,102,80,
80,102,80,
80,102,79,
80,102,80,
80,102,80,
80,102,80,
80,102,79,
80,102,79,
80,102,79,
80,102,79,
80,102,79,
80,102,79,
80,102,79,
80,102,79,
80,102,79,
80,102,78,
80,102,79,
80,102,79,
80,102,78,
80,102,79,
80,102,79,
80,102,78,
80,102,78,
80,102,79,
80,102,80,
80,102,81,
80,102,82,
80,102,82,
80,102,82,
80,102,83,
80,102,84,
80,102,83,
80,102,83,
80,102,83,
80,102,84,
80,102,83,
80,102,83,
80,102,84,
80,102,84,
80,102,84,
80,102,84,
80,102,84,
80,102,84,
80,102,84,
80,102,84,
80,102,85,
79,102,85,
79,102,85,
79,102,85,
79,102,85,
79,102,84,
79,102,84,
79,102,84,
79,102,84,
79,102,85,
79,102,84,
79,102,85,
79,102,84,
79,102,84,
79,102,84,
79,102,80,
79,102,83,
79,102,82,
79,102,82,
79,102,82,
80,102,81,
80,102,81,
80,102,81,
80,102,81,
80,102,81,
80,102,81,
80,102,80,
80,102,80,
80,102,80,
80,102,81,
80,102,80,
80,102,81,
80,102,80,
80,102,78,
80,102,80,
80,102,80,
80,102,80,
80,102,80,
80,102,79,
80,102,80,
80,102,79,
80,102,79,
80,102,80,
80,102,79,
80,102,79,
80,102,80,
80,102,79,
80,102,79,
80,102,79,
80,102,79,
80,102,79,
80,102,81,
80,102,82,
80,102,82,
80,102,82,
80,102,82,
80,102,82,
80,102,82,
80,102,83,
80,102,83,
80,102,83,
80,102,82,
80,102,84,
80,102,84,
80,102,84,
80,102,84,
80,102,86,
80,102,84,
80,102,83,
80,102,84,
80,102,84,
80,102,84,
79,102,84,
79,102,84,
79,102,85,
79,102,84,
79,102,85,
79,102,84,
79,102,84,
79,102,84,
79,102,92,
79,102,85,
79,102,84,
79,102,84,
79,102,84,
79,102,84,
79,102,84,
79,102,84,
79,102,85,
79,102,85,
79,102,85,
79,102,85,
79,102,88,
79,102,84,
79,102,83,
79,102,83,
79,102,83,
79,102,82,
79,102,82,
79,102,82,
79,102,82,
79,102,82,
79,102,81,
79,102,81,
79,102,81,
79,102,81,
79,102,80,
79,102,81,
80,102,80,
80,102,81,
80,102,80,
80,102,81,
80,102,80,
80,102,80,
80,102,80,
80,102,79,
80,102,80,
80,102,79,
80,102,79,
80,102,79,
80,102,80,
80,102,79,
80,102,79,
80,102,79,
80,102,78,
80,102,78,
80,102,79,
80,102,78,
80,102,79,
80,102,79,
81,102,79,
81,102,81,
80,102,82,
80,102,82,
80,102,82,
80,102,82,
80,102,82,
80,102,82,
80,102,82,
80,102,82,
80,102,82,
80,102,83,
80,102,83,
80,102,84,
80,102,83,
80,102,83,
80,102,84,
80,102,87,
80,102,85,
80,102,85,
79,102,85,
79,102,86,
79,102,85,
79,102,85,
79,102,85,
79,102,85,
79,102,85,
79,102,85,
79,102,85,
79,102,86,
79,102,85,
79,102,84,
79,102,85,
79,102,84,
79,102,84,
79,102,83,
79,102,83,
79,102,82,
79,102,82,
79,102,82,
79,102,81,
79,102,82,
79,102,81,
79,102,81,
79,102,81,
80,102,81,
80,102,80,
80,102,80,
80,102,81,
80,102,80,
80,102,80,
80,102,80,
80,102,80,
80,102,80,
80,102,80,
80,102,85,
80,102,80,
80,102,89,
80,102,79,
80,102,80,
80,102,77,
80,102,79,
80,102,79,
80,102,79,
80,102,80,
80,102,79,
80,102,79,
80,102,79,
80,102,79,
80,102,79,
80,102,79,
80,102,79,
80,102,78,
80,102,79,
80,102,79,
80,102,79,
80,102,79,
80,102,79,
80,102,80,
80,102,81,
80,102,81,
80,102,81,
80,102,82,
80,102,82,
80,102,82,
80,102,82,
80,102,83,
80,102,83,
80,102,83,
80,102,84,
80,102,84,
80,102,84,
80,102,84,
79,102,84,
79,102,84,
79,102,84,
79,102,84,
79,102,84,
79,102,84,
79,102,85,
79,102,78,
79,102,84,
79,102,85,
79,102,84,
79,102,84,
79,102,85,
79,102,85,
79,102,84,
79,102,85,
79,102,84,
79,102,85,
79,102,85,
79,102,85,
79,102,85,
79,102,85,
79,102,84,
79,102,85,
79,102,84,
79,102,84,
79,102,83,
79,102,82,
79,102,85,
79,102,81,
79,102,81,
79,102,81,
79,102,80,
79,102,81,
79,102,81,
79,102,80,
79,102,80,
79,102,80,
79,102,81,
80,102,80,
80,102,80,
80,102,80,
80,102,80,
80,102,80,
80,102,79,
80,102,80,
80,102,79,
80,102,79,
80,102,79,
80,102,79,
80,102,79,
80,102,79,
80,102,79,
80,102,81,
80,102,79,
80,102,79,
80,102,79,
80,102,79,
80,102,79,
80,102,79,
80,102,79,
80,102,79,
80,102,80,
80,102,81,
80,102,82,
80,102,83,
80,102,82,
80,102,83,
80,102,83,
80,102,83,
80,102,75,
80,102,83,
79,102,83,
79,102,83,
79,102,83,
79,102,84,
79,102,84,
79,102,84,
79,102,85,
79,102,85,
79,102,85,
79,102,85,
79,102,85,
79,102,85,
79,102,84,
79,102,85,
79,102,84,
79,102,85,
79,102,85,
79,102,85,
79,102,85,
79,102,85,
79,102,85,
79,102,85,
79,102,85,
79,102,85,
79,102,85,
79,102,86,
79,102,85,
79,102,85,
79,102,85,
79,102,85,
79,102,85,
79,102,85,
79,102,83,
79,102,82,
79,102,82,
79,102,81,
79,102,81,
79,102,81,
79,102,81,
79,102,81,
79,102,81,
79,102,80,
79,102,81,
79,102,80,
79,102,80,
79,102,80,
79,102,80,
79,102,79,
79,102,80,
79,102,80,
79,102,80,
79,102,79,
79,102,80,
79,102,76,
79,102,79,
80,102,79,
79,102,79,
80,102,79,
80,102,79,
80,102,79,
80,102,79,
80,102,79,
80,102,79,
80,102,79,
80,102,79,
80,102,79,
80,102,79,
80,102,79,
80,102,81,
80,102,86,
80,102,83,
80,102,83,
79,102,83,
79,102,83,
79,102,83,
79,102,83,
79,102,84,
79,102,84,
79,102,84,
79,102,84,
79,102,84,
79,102,84,
79,102,84,
79,102,84,
79,102,84,
79,102,85,
79,102,85,
79,102,84,
79,102,83,
79,102,83,
79,102,83,
79,102,84,
79,102,85,
79,102,85,
79,102,85,
79,102,85,
79,102,85,
79,102,85,
79,102,84,
79,102,84,
79,102,84,
79,102,83,
79,102,83,
79,102,83,
79,102,82,
79,102,82,
79,102,81,
79,102,81,
79,102,81,
79,102,80,
79,102,81,
79,102,80,
79,102,78,
79,102,80,
79,102,80,
79,102,81,
79,102,80,
80,102,80,
79,102,80,
80,102,79,
80,102,80,
80,102,80,
80,102,79,
80,102,79,
80,102,79,
80,102,79,
80,102,79,
80,102,79,
80,102,80,
80,102,79,
80,102,77,
80,102,79,
80,102,79,
80,102,79,
80,102,79,
80,102,79,
80,102,79,
80,102,79,
80,102,79,
80,102,80,
80,102,82,
80,102,82,
80,102,82,
80,102,82,
80,102,83,
80,102,82,
80,102,83,
80,102,83,
80,102,83,
80,102,83,
80,102,83,
80,102,83,
79,102,84,
79,102,84,
79,102,84,
79,102,88,
79,102,85,
79,102,85,
79,102,85,
79,102,85,
79,102,85,
79,102,85,
79,102,84,
79,102,84,
79,102,85,
79,102,86,
79,102,88,
79,102,84,
79,102,84,
79,102,85,
79,102,85,
79,102,85,
79,102,84,
79,102,85,
79,102,84,
79,102,95,
79,102,84,
79,102,84,
79,102,83,
79,102,82,
79,102,82,
79,102,81,
79,102,81,
79,102,81,
79,102,81,
79,102,81,
79,102,81,
79,102,80,
79,102,80,
79,102,80,
79,102,80,
79,102,80,
79,102,80,
79,102,80,
79,102,78,
79,102,80,
79,102,80,
79,102,80,
80,102,79,
80,102,79,
80,102,79,
80,102,80,
80,102,79,
80,102,79,
80,102,79,
80,102,79,
80,102,79,
80,102,79,
80,102,79,
80,102,79,
80,102,79,
80,102,79,
80,102,79,
80,102,79,
80,102,78,
80,102,79,
80,102,79,
80,102,81,
80,102,82,
80,102,79,
80,102,82,
80,102,83,
80,102,83,
80,102,83,
80,102,84,
80,102,84,
79,102,84,
79,102,84,
79,102,84,
79,102,84,
79,102,84,
79,102,85,
79,102,84,
79,102,84,
79,102,84,
79,102,84,
79,102,84,
79,102,84,
79,102,84,
79,102,84,
79,102,84,
79,102,84,
79,102,84,
79,102,84,
79,102,84,
79,102,84,
79,102,84,
79,102,84,
79,102,84,
79,102,85,
79,102,85,
79,102,85,
79,102,85,
79,102,84,
79,102,84,
79,102,84,
79,102,83,
79,102,83,
79,102,81,
79,102,81,
79,102,81,
79,102,81,
79,102,81,
79,102,80,
79,102,81,
79,102,81,
79,102,81,
79,102,80,
79,102,80,
79,102,79,
79,102,80,
79,102,80,
79,102,80,
79,102,80,
79,102,80,
79,102,80,
79,102,80,
79,102,80,
79,102,79,
80,102,80,
80,102,80,
80,102,79,
80,102,79,
80,102,78,
80,102,79,
80,102,79,
80,102,79,
80,102,79,
80,102,78,
80,102,79,
80,102,78,
80,102,79,
80,102,79,
80,102,81,
80,102,82,
80,102,82,
80,102,82,
80,102,83,
80,102,82,
80,102,83,
80,102,82,
79,102,82,
79,102,82,
79,102,82,
79,102,83,
79,102,83,
79,102,83,
79,102,84,
79,102,84,
79,102,84,
79,102,84,
79,102,84,
79,102,85,
79,102,84,
79,102,83,
79,102,84,
79,102,84,
79,102,84,
79,102,84,
79,102,84,
79,102,84,
79,102,84,
79,102,84,
79,102,84,
79,102,84,
79,102,84,
79,102,85,
79,102,85,
79,102,84,
79,102,84,
79,102,84,
79,102,85,
79,102,85,
79,102,84,
79,102,84,
78,102,83,
79,102,83,
79,102,83,
79,102,83,
79,102,82,
79,102,81,
79,102,81,
79,102,81,
79,102,80,
79,102,80,
79,102,80,
79,102,81,
79,102,80,
79,102,80,
79,102,80,
79,102,80,
79,102,80,
79,102,84,
79,102,80,
79,102,80,
79,102,80,
79,102,80,
79,102,80,
79,102,80,
79,102,79,
79,102,79,
79,102,79,
79,102,79,
79,102,79,
79,102,79,
79,102,79,
80,102,79,
80,102,79,
80,102,79,
80,102,79,
80,102,79,
80,102,79,
80,102,79,
80,102,79,
80,102,81,
80,102,82,
79,102,83,
79,102,83,
79,102,82,
79,102,83,
79,102,83,
79,102,84,
79,102,83,
79,102,84,
79,102,83,
79,102,83,
79,102,84,
79,102,84,
79,102,84,
79,102,84,
79,102,84,
79,102,84,
79,102,83,
79,102,84,
79,102,84,
79,102,84,
79,102,84,
79,102,74,
79,102,85,
79,102,84,
79,102,83,
79,102,84,
79,102,85,
79,102,84,
79,102,84,
79,102,85,
79,102,89,
79,102,84,
79,102,84,
79,102,84,
79,102,85,
78,102,84,
78,102,85,
78,102,84,
78,102,85,
78,102,86,
78,102,85,
78,102,90,
78,102,85,
78,102,85,
79,102,83,
79,102,82,
79,102,82,
79,102,81,
79,102,81,
79,102,81,
79,102,81,
79,102,81,
79,102,81,
79,102,81,
79,102,80,
79,102,80,
79,102,80,
79,102,81,
79,102,80,
79,102,80,
79,102,80,
79,102,80,
79,102,80,
79,102,80,
79,102,80,
79,102,80,
79,102,79,
79,102,80,
79,102,79,
79,102,79,
79,102,79,
79,102,79,
79,102,79,
79,102,78,
79,102,79,
79,102,78,
80,102,79,
80,102,79,
80,102,78,
80,102,78,
80,102,78,
80,102,81,
79,102,82,
79,102,83,
79,102,83,
79,102,83,
79,102,83,
79,102,83,
79,102,87,
79,102,83,
79,102,84,
79,102,84,
79,102,84,
79,102,84,
79,102,84,
79,102,84,
79,102,84,
79,102,84,
79,102,84,
79,102,85,
79,102,84,
79,102,84,
79,102,84,
79,102,84,
79,102,84,
79,102,84,
79,102,84,
79,102,84,
79,102,85,
79,102,84,
79,102,84,
79,102,84,
79,102,84,
79,102,84,
79,102,84,
79,102,85,
79,102,83,
79,102,84,
79,102,84,
78,102,84,
78,102,84,
78,102,85,
78,102,84,
78,102,84,
78,102,84,
78,102,84,
79,102,83,
79,102,83,
79,102,82,
79,102,82,
79,102,81,
79,102,81,
79,102,81,
79,102,81,
79,102,80,
79,102,81,
79,102,81,
79,102,80,
79,102,80,
79,102,80,
79,102,80,
79,102,80,
79,102,80,
79,102,79,
79,102,80,
79,102,79,
79,102,80,
79,102,80,
79,102,80,
79,102,79,
79,102,79,
79,102,79,
79,102,79,
79,102,79,
79,102,79,
79,102,79,
79,102,79,
79,102,79,
79,102,79,
79,102,79,
79,102,79,
80,102,79,
80,102,79,
80,102,80,
79,102,82,
79,102,84,
79,102,83,
79,102,83,
79,102,84,
79,102,84,
79,102,84,
79,102,84,
79,102,84,
79,102,85,
79,102,85,
79,102,84,
79,102,85,
79,102,84,
79,102,83,
79,102,84,
79,102,84,
79,102,85,
79,102,84,
79,102,82,
78,102,84,
79,102,84,
78,102,85,
78,102,85,
78,102,84,
78,102,85,
78,102,85,
78,102,84,
78,102,84,
78,102,84,
78,102,85,
78,102,84,
78,102,85,
78,102,85,
78,102,85,
78,102,85,
78,102,85,
78,102,85,
78,102,84,
78,102,84,
78,102,84,
78,102,83,
